   0.0000200000       0.0006075597
   0.0000205707       0.0006248899
   0.0000211576       0.0006427142
   0.0000217613       0.0006610469
   0.0000223822       0.0006799022
   0.0000230208       0.0006992952
   0.0000236777       0.0007192412
   0.0000243533       0.0007397558
   0.0000250482       0.0007608554
   0.0000257629       0.0007825565
   0.0000264980       0.0008048764
   0.0000272540       0.0008278326
   0.0000280317       0.0008514433
   0.0000288315       0.0008757270
   0.0000296542       0.0009007031
   0.0000305003       0.0009263911
   0.0000313705       0.0009528115
   0.0000322656       0.0009799850
   0.0000331863       0.0010079330
   0.0000341332       0.0010366777
   0.0000351071       0.0010662417
   0.0000361088       0.0010966484
   0.0000371391       0.0011279217
   0.0000381988       0.0011600863
   0.0000392887       0.0011931676
   0.0000404098       0.0012271917
   0.0000415628       0.0012621854
   0.0000427487       0.0012981763
   0.0000439685       0.0013351928
   0.0000452230       0.0013732641
   0.0000465134       0.0014124202
   0.0000478405       0.0014526919
   0.0000492056       0.0014941111
   0.0000506095       0.0015367103
   0.0000520536       0.0015805231
   0.0000535388       0.0016255841
   0.0000550665       0.0016719286
   0.0000566377       0.0017195933
   0.0000582537       0.0017686157
   0.0000599159       0.0018190344
   0.0000616255       0.0018708890
   0.0000633838       0.0019242204
   0.0000651924       0.0019790706
   0.0000670525       0.0020354828
   0.0000689657       0.0020935013
   0.0000709335       0.0021531717
   0.0000729575       0.0022145410
   0.0000750392       0.0022776575
   0.0000771803       0.0023425708
   0.0000793825       0.0024093319
   0.0000816475       0.0024779933
   0.0000839771       0.0025486090
   0.0000863733       0.0026212344
   0.0000888378       0.0026959265
   0.0000913726       0.0027727441
   0.0000939797       0.0028517474
   0.0000966612       0.0029329985
   0.0000994193       0.0030165611
   0.0001022560       0.0031025008
   0.0001051737       0.0031908849
   0.0001081746       0.0032817829
   0.0001112612       0.0033752659
   0.0001144358       0.0034714072
   0.0001177010       0.0035702821
   0.0001210594       0.0036719682
   0.0001245136       0.0037765449
   0.0001280663       0.0038840942
   0.0001317204       0.0039947003
   0.0001354788       0.0041084496
   0.0001393445       0.0042254311
   0.0001433204       0.0043457363
   0.0001474098       0.0044694592
   0.0001516158       0.0045966964
   0.0001559419       0.0047275474
   0.0001603914       0.0048621141
   0.0001649678       0.0050005016
   0.0001696749       0.0051428180
   0.0001745162       0.0052891740
   0.0001794957       0.0054396838
   0.0001846172       0.0055944646
   0.0001898849       0.0057536369
   0.0001953029       0.0059173246
   0.0002008755       0.0060856550
   0.0002066071       0.0062587590
   0.0002125023       0.0064367710
   0.0002185656       0.0066198293
   0.0002248019       0.0068080760
   0.0002312162       0.0070016571
   0.0002378135       0.0072007227
   0.0002445991       0.0074054271
   0.0002515782       0.0076159287
   0.0002587565       0.0078323904
   0.0002661397       0.0080549797
   0.0002737334       0.0082838686
   0.0002815439       0.0085192338
   0.0002895772       0.0087612569
   0.0002978397       0.0090101247
   0.0003063380       0.0092660289
   0.0003150788       0.0095291665
   0.0003240689       0.0097997399
   0.0003333156       0.0100779573
   0.0003428261       0.0103640322
   0.0003526080       0.0106581842
   0.0003626690       0.0109606389
   0.0003730170       0.0112716279
   0.0003836604       0.0115913892
   0.0003946074       0.0119201673
   0.0004058667       0.0122582133
   0.0004174473       0.0126057852
   0.0004293584       0.0129631477
   0.0004416093       0.0133305730
   0.0004542098       0.0137083405
   0.0004671698       0.0140967371
   0.0004804995       0.0144960575
   0.0004942097       0.0149066042
   0.0005083110       0.0153286878
   0.0005228147       0.0157626275
   0.0005377322       0.0162087506
   0.0005530753       0.0166673935
   0.0005688562       0.0171389011
   0.0005850874       0.0176236280
   0.0006017818       0.0181219376
   0.0006189525       0.0186342035
   0.0006366131       0.0191608086
   0.0006547776       0.0197021461
   0.0006734604       0.0202586196
   0.0006926763       0.0208306431
   0.0007124405       0.0214186414
   0.0007327686       0.0220230504
   0.0007536767       0.0226443173
   0.0007751814       0.0232829007
   0.0007972997       0.0239392713
   0.0008200491       0.0246139115
   0.0008434476       0.0253073165
   0.0008675138       0.0260199936
   0.0008922666       0.0267524635
   0.0009177257       0.0275052596
   0.0009439112       0.0282789292
   0.0009708439       0.0290740329
   0.0009985450       0.0298911456
   0.0010270366       0.0307308565
   0.0010563411       0.0315937692
   0.0010864817       0.0324805023
   0.0011174824       0.0333916896
   0.0011493676       0.0343279803
   0.0011821625       0.0352900394
   0.0012158933       0.0362785480
   0.0012505864       0.0372942034
   0.0012862695       0.0383377198
   0.0013229707       0.0394098280
   0.0013607191       0.0405112762
   0.0013995446       0.0416428302
   0.0014394779       0.0428052734
   0.0014805506       0.0439994074
   0.0015227952       0.0452260521
   0.0015662452       0.0464860461
   0.0016109350       0.0477802466
   0.0016568999       0.0491095302
   0.0017041763       0.0504747929
   0.0017528017       0.0518769502
   0.0018028145       0.0533169375
   0.0018542543       0.0547957102
   0.0019071619       0.0563142441
   0.0019615790       0.0578735353
   0.0020175489       0.0594746007
   0.0020751157       0.0611184779
   0.0021343251       0.0628062255
   0.0021952240       0.0645389230
   0.0022578604       0.0663176712
   0.0023222841       0.0681435920
   0.0023885460       0.0700178286
   0.0024566985       0.0719415456
   0.0025267956       0.0739159286
   0.0025988929       0.0759421847
   0.0026730472       0.0780215418
   0.0027493175       0.0801552490
   0.0028277639       0.0823445762
   0.0029084487       0.0845908139
   0.0029914356       0.0868952730
   0.0030767904       0.0892592843
   0.0031645807       0.0916841985
   0.0032548759       0.0941713853
   0.0033477474       0.0967222334
   0.0034432689       0.0993381494
   0.0035415159       0.1020205578
   0.0036425662       0.1047708998
   0.0037464998       0.1075906326
   0.0038533989       0.1104812287
   0.0039633482       0.1134441749
   0.0040764346       0.1164809710
   0.0041927478       0.1195931289
   0.0043123797       0.1227821712
   0.0044354251       0.1260496297
   0.0045619814       0.1293970443
   0.0046921487       0.1328259606
   0.0048260300       0.1363379290
   0.0049637315       0.1399345020
   0.0051053619       0.1436172326
   0.0052510335       0.1473876718
   0.0054008616       0.1512473663
   0.0055549647       0.1551978557
   0.0057134649       0.1592406699
   0.0058764875       0.1633773263
   0.0060441617       0.1676093260
   0.0062166201       0.1719381509
   0.0063939993       0.1763652597
   0.0065764397       0.1808920844
   0.0067640857       0.1855200257
   0.0069570857       0.1902504487
   0.0071555927       0.1950846786
   0.0073597637       0.2000239949
   0.0075697603       0.2050696270
   0.0077857487       0.2102227479
   0.0080079000       0.2154844686
   0.0082363899       0.2208558316
   0.0084713993       0.2263378045
   0.0087131142       0.2319312726
   0.0089617261       0.2376370319
   0.0092174316       0.2434557809
   0.0094804331       0.2493881127
   0.0097509389       0.2554345060
   0.0100291630       0.2615953163
   0.0103153258       0.2678707660
   0.0106096536       0.2742609347
   0.0109123795       0.2807657482
   0.0112237431       0.2873849679
   0.0115439908       0.2941181791
   0.0118733762       0.3009647785
   0.0122121600       0.3079239624
   0.0125606103       0.3149947125
   0.0129190030       0.3221757830
   0.0132876217       0.3294656859
   0.0136667583       0.3368626759
   0.0140567127       0.3443647354
   0.0144577938       0.3519695580
   0.0148703189       0.3596745318
   0.0152946146       0.3674767225
   0.0157310168       0.3753728553
   0.0161798709       0.3833592963
   0.0166415322       0.3914320336
   0.0171163660       0.3995866578
   0.0176047484       0.4078183415
   0.0181070657       0.4161218189
   0.0186237158       0.4244913643
   0.0191551074       0.4329207707
   0.0197016613       0.4414033270
   0.0202638100       0.4499317963
   0.0208419985       0.4584983917
   0.0214366846       0.4670947540
   0.0220483388       0.4757119275
   0.0226774454       0.4843403363
   0.0233245024       0.4929697603
   0.0239900218       0.5015893110
   0.0246745306       0.5101874076
   0.0253785705       0.5187517529
   0.0261026989       0.5272693097
   0.0268474888       0.5357262772
   0.0276135298       0.5441080681
   0.0284014284       0.5523992864
   0.0292118081       0.5605837054
   0.0300453105       0.5686442474
   0.0309025952       0.5765629636
   0.0317843408       0.5843210162
   0.0326912454       0.5918986610
   0.0336240267       0.5992752324
   0.0345834231       0.6064291299
   0.0355701941       0.6133378072
   0.0365851207       0.6199777630
   0.0376290062       0.6263245352
   0.0387026769       0.6323526976
   0.0398069828       0.6380358601
   0.0409427979       0.6433466723
   0.0421110213       0.6482568313
   0.0433125777       0.6527370934
   0.0445484181       0.6567572908
   0.0458195209       0.6602863530
   0.0471268921       0.6632923336
   0.0484715667       0.6657424431
   0.0498546089       0.6676030875
   0.0512771135       0.6688399139
   0.0527402066       0.6694178626
   0.0542450462       0.6693012270
   0.0557928234       0.6684537211
   0.0573847635       0.6668385550
   0.0590221265       0.6644185196
   0.0607062085       0.6611560797
   0.0624383425       0.6570134767
   0.0642198996       0.6519528412
   0.0660522900       0.6459363150
   0.0679369641       0.6389261847
   0.0698754137       0.6308850243
   0.0718691732       0.6217758498
   0.0739198207       0.6115622843
   0.0760289796       0.6002087343
   0.0781983192       0.5876805770
   0.0804295566       0.5739443586
   0.0827244582       0.5589680038
   0.0850848402       0.5427210357
   0.0875125713       0.5251748062
   0.0900095729       0.5063027366
   0.0925778216       0.4860805666
   0.0952193503       0.4644866134
   0.0979362499       0.4415020373
   0.1007306710       0.4171111148
   0.1036048255       0.3913015172
   0.1065609884       0.3640645937
   0.1096014997       0.3353956569
   0.1127287661       0.3052942700
   0.1159452629       0.2737645329
   0.1192535363       0.2408153665
   0.1226562048       0.2064607910
   0.1261559619       0.1707201984
   0.1297555778       0.1336186140
   0.1334579017       0.0951869471
   0.1372658643       0.0554622260
   0.1411824797       0.0144878149
   0.1452108481      -0.0276863893
   0.1493541583      -0.0710037843
   0.1536156897      -0.1154009168
   0.1579988157      -0.1608073672
   0.1625070057      -0.2071456670
   0.1671438281      -0.2543312546
   0.1719129533      -0.3022724692
   0.1768181563      -0.3508705899
   0.1818633197      -0.4000199213
   0.1870524371      -0.4496079288
   0.1923896158      -0.4995154283
   0.1978790806      -0.5496168322
   0.2035251767      -0.5997804543
   0.2093323732      -0.6498688778
   0.2153052667      -0.6997393864
   0.2214485853      -0.7492444606
   0.2277671915      -0.7982323408
   0.2342660868      -0.8465476564
   0.2409504156      -0.8940321193
   0.2478254687      -0.9405252817
   0.2548966882      -0.9858653537
   0.2621696712      -1.0298900779
   0.2696501746      -1.0724376557
   0.2773441198      -1.1133477186
   0.2852575967      -1.1524623392
   0.2933968694      -1.1896270728
   0.3017683804      -1.2246920210
   0.3103787563      -1.2575129082
   0.3192348126      -1.2879521611
   0.3283435593      -1.3158799799
   0.3377122064      -1.3411753906
   0.3473481697      -1.3637272679
   0.3572590765      -1.3834353161
   0.3674527719      -1.4002109988
   0.3779373246      -1.4139784048
   0.3887210336      -1.4246750413
   0.3998124350      -1.4322525436
   0.4112203079      -1.4366772938
   0.4229536825      -1.4379309381
   0.4350218461      -1.4360107978
   0.4474343513      -1.4309301658
   0.4602010234      -1.4227184850
   0.4733319677      -1.4114214028
   0.4868375780      -1.3971006997
   0.5007285448      -1.3798340902
   0.5150158634      -1.3597148933
   0.5297108429      -1.3368515748
   0.5448251152      -1.3113671603
   0.5603706440      -1.2833985224
   0.5763597342      -1.2530955437
   0.5928050422      -1.2206201597
   0.6097195852      -1.1861452669
   0.6271167519      -1.1498534753
   0.6450103130      -1.1119358600
   0.6634144322      -1.0725907677
   0.6823436773      -1.0320223444
   0.7018130317      -0.9904388869
   0.7218379064      -0.9480510796
   0.7424341521      -0.9050704539
   0.7636180717      -0.8617077112
   0.7854064335      -0.8181710156
   0.8078164839      -0.7746642900
   0.8308659616      -0.7313855391
   0.8545731116      -0.6885252237
   0.8789566991      -0.6462647117
   0.9040360250      -0.6047748382
   0.9298309409      -0.5642145894
   0.9563618647      -0.5247299823
   0.9836497970      -0.4864530532
   1.0117163376      -0.4495010947
   1.0405837025      -0.4139761436
   1.0702747418      -0.3799646632
   1.1008129572      -0.3475374262
   1.1322225215      -0.3167495973
   1.1645282968      -0.2876410018
   1.1977558549      -0.2602365609
   1.2319314968      -0.2345468753
   1.2670822745      -0.2105689405
   1.3032360115      -0.1882869771
   1.3404213254      -0.1676733616
   1.3786676501      -0.1486896439
   1.4180052595      -0.1312876370
   1.4584652914      -0.1154105651
   1.5000797719      -0.1009942536
   1.5428816409      -0.0879683450
   1.5869047783      -0.0762575229
   1.6321840306      -0.0657827262
   1.6787552386      -0.0564623351
   1.7266552658      -0.0482133110
   1.7759220275      -0.0409522741
   1.8265945207      -0.0345965033
   1.8787128552      -0.0290648448
   1.9323182855      -0.0242785201
   1.9874532428      -0.0201618236
   2.0441613693      -0.0166427072
   2.1024875522      -0.0136532472
   2.1624779597      -0.0111299973
   2.2241800773      -0.0090142286
   2.2876427452      -0.0072520652
   2.3529161973      -0.0057945207
   2.4200521009      -0.0045974492
   2.4891035973      -0.0036214175
   2.5601253444      -0.0028315152
   2.6331735594      -0.0021971103
   2.7083060637      -0.0016915670
   2.7855823283      -0.0012919335
   2.8650635214      -0.0009786143
   2.9468125563      -0.0007350345
   3.0308941414      -0.0005473062
   3.1173748317      -0.0004039044
   3.2063230808      -0.0002953582
   3.2978092958      -0.0002139612
   3.3919058927      -0.0001535068
   3.4886873536      -0.0001090472
   3.5882302859      -0.0000766797
   3.6906134829      -0.0000533588
   3.7959179859      -0.0000367341
   3.9042271489      -0.0000250118
   4.0156267039      -0.0000168384
   4.1302048294      -0.0000112048
   4.2480522196      -0.0000073675
   4.3692621566      -0.0000047851
   4.4939305843      -0.0000030689
   4.6221561840      -0.0000019429
   4.7540404526      -0.0000012137
   4.8896877833      -0.0000007478
   5.0292055476      -0.0000004543
   5.1727041810      -0.0000002721
   5.3202972697      -0.0000001605
   5.4721016412      -0.0000000932
   5.6282374562      -0.0000000533
   5.7888283041      -0.0000000300
   5.9540013006      -0.0000000166
   6.1238871884      -0.0000000090
   6.2986204408      -0.0000000048
   6.4783393679      -0.0000000025
   6.6631862263      -0.0000000013
   6.8533073316      -0.0000000007
   7.0488531741      -0.0000000003
   7.2499785382      -0.0000000002
   7.4568426249      -0.0000000001
   7.6696091773       0.0000000000
   7.8884466109       0.0000000000
   8.1135281466       0.0000000000
   8.3450319477       0.0000000000
   8.5831412610       0.0000000000
   8.8280445622       0.0000000000
   9.0799357044       0.0000000000
   9.3390140722       0.0000000000
   9.6054847390       0.0000000000
   9.8795586300       0.0000000000
  10.1614526882       0.0000000000
  10.4513900470       0.0000000000
  10.7496002065       0.0000000000
  11.0563192149       0.0000000000
  11.3717898558       0.0000000000
  11.6962618400       0.0000000000
  12.0299920034       0.0000000000
  12.3732445103       0.0000000000
  12.7262910621       0.0000000000
  13.0894111132       0.0000000000
  13.4628920911       0.0000000000
  13.8470296249       0.0000000000
  14.2421277787       0.0000000000
  14.6484992926       0.0000000000
  15.0664658301       0.0000000000
  15.4963582327       0.0000000000
  15.9385167818       0.0000000000
  16.3932914682       0.0000000000
  16.8610422689       0.0000000000
  17.3421394322       0.0000000000
  17.8369637706       0.0000000000
  18.3459069625       0.0000000000
  18.8693718620       0.0000000000
  19.4077728179       0.0000000000
  19.9615360017       0.0000000000
  20.5310997446       0.0000000000
  21.1169148851       0.0000000000
  21.7194451253       0.0000000000
  22.3391673981       0.0000000000
  22.9765722450       0.0000000000
  23.6321642038       0.0000000000
  24.3064622085       0.0000000000
  25.0000000000       0.0000000000
