   0.0000200000       0.0006076061
   0.0000205707       0.0006249376
   0.0000211576       0.0006427633
   0.0000217613       0.0006610973
   0.0000223822       0.0006799541
   0.0000230208       0.0006993486
   0.0000236777       0.0007192961
   0.0000243533       0.0007398123
   0.0000250482       0.0007609135
   0.0000257629       0.0007826163
   0.0000264980       0.0008049378
   0.0000272540       0.0008278958
   0.0000280317       0.0008515082
   0.0000288315       0.0008757939
   0.0000296542       0.0009007718
   0.0000305003       0.0009264619
   0.0000313705       0.0009528842
   0.0000322656       0.0009800598
   0.0000331863       0.0010080099
   0.0000341332       0.0010367568
   0.0000351071       0.0010663231
   0.0000361088       0.0010967321
   0.0000371391       0.0011280078
   0.0000381988       0.0011601748
   0.0000392887       0.0011932587
   0.0000404098       0.0012272854
   0.0000415628       0.0012622817
   0.0000427487       0.0012982754
   0.0000439685       0.0013352947
   0.0000452230       0.0013733689
   0.0000465134       0.0014125280
   0.0000478405       0.0014528028
   0.0000492056       0.0014942251
   0.0000506095       0.0015368276
   0.0000520536       0.0015806437
   0.0000535388       0.0016257081
   0.0000550665       0.0016720562
   0.0000566377       0.0017197246
   0.0000582537       0.0017687507
   0.0000599159       0.0018191732
   0.0000616255       0.0018710318
   0.0000633838       0.0019243673
   0.0000651924       0.0019792217
   0.0000670525       0.0020356382
   0.0000689657       0.0020936610
   0.0000709335       0.0021533360
   0.0000729575       0.0022147101
   0.0000750392       0.0022778314
   0.0000771803       0.0023427496
   0.0000793825       0.0024095158
   0.0000816475       0.0024781825
   0.0000839771       0.0025488035
   0.0000863733       0.0026214344
   0.0000888378       0.0026961323
   0.0000913726       0.0027729557
   0.0000939797       0.0028519651
   0.0000966612       0.0029332224
   0.0000994193       0.0030167914
   0.0001022560       0.0031027376
   0.0001051737       0.0031911285
   0.0001081746       0.0032820334
   0.0001112612       0.0033755235
   0.0001144358       0.0034716721
   0.0001177010       0.0035705546
   0.0001210594       0.0036722484
   0.0001245136       0.0037768332
   0.0001280663       0.0038843907
   0.0001317204       0.0039950052
   0.0001354788       0.0041087632
   0.0001393445       0.0042257537
   0.0001433204       0.0043460681
   0.0001474098       0.0044698004
   0.0001516158       0.0045970473
   0.0001559419       0.0047279082
   0.0001603914       0.0048624852
   0.0001649678       0.0050008833
   0.0001696749       0.0051432105
   0.0001745162       0.0052895777
   0.0001794957       0.0054400990
   0.0001846172       0.0055948916
   0.0001898849       0.0057540761
   0.0001953029       0.0059177763
   0.0002008755       0.0060861195
   0.0002066071       0.0062592367
   0.0002125023       0.0064372623
   0.0002185656       0.0066203346
   0.0002248019       0.0068085956
   0.0002312162       0.0070021915
   0.0002378135       0.0072012723
   0.0002445991       0.0074059923
   0.0002515782       0.0076165100
   0.0002587565       0.0078329883
   0.0002661397       0.0080555946
   0.0002737334       0.0082845009
   0.0002815439       0.0085198840
   0.0002895772       0.0087619257
   0.0002978397       0.0090108124
   0.0003063380       0.0092667361
   0.0003150788       0.0095298938
   0.0003240689       0.0098004879
   0.0003333156       0.0100787265
   0.0003428261       0.0103648233
   0.0003526080       0.0106589978
   0.0003626690       0.0109614755
   0.0003730170       0.0112724882
   0.0003836604       0.0115922740
   0.0003946074       0.0119210772
   0.0004058667       0.0122591490
   0.0004174473       0.0126067473
   0.0004293584       0.0129641371
   0.0004416093       0.0133315905
   0.0004542098       0.0137093868
   0.0004671698       0.0140978131
   0.0004804995       0.0144971639
   0.0004942097       0.0149077419
   0.0005083110       0.0153298578
   0.0005228147       0.0157638306
   0.0005377322       0.0162099878
   0.0005530753       0.0166686656
   0.0005688562       0.0171402093
   0.0005850874       0.0176249731
   0.0006017818       0.0181233208
   0.0006189525       0.0186356258
   0.0006366131       0.0191622711
   0.0006547776       0.0197036499
   0.0006734604       0.0202601659
   0.0006926763       0.0208322330
   0.0007124405       0.0214202762
   0.0007327686       0.0220247314
   0.0007536767       0.0226460456
   0.0007751814       0.0232846778
   0.0007972997       0.0239410985
   0.0008200491       0.0246157902
   0.0008434476       0.0253092481
   0.0008675138       0.0260219796
   0.0008922666       0.0267545054
   0.0009177257       0.0275073590
   0.0009439112       0.0282810876
   0.0009708439       0.0290762520
   0.0009985450       0.0298934271
   0.0010270366       0.0307332020
   0.0010563411       0.0315961806
   0.0010864817       0.0324829813
   0.0011174824       0.0333942382
   0.0011493676       0.0343306003
   0.0011821625       0.0352927329
   0.0012158933       0.0362813169
   0.0012505864       0.0372970498
   0.0012862695       0.0383406458
   0.0013229707       0.0394128358
   0.0013607191       0.0405143681
   0.0013995446       0.0416460085
   0.0014394779       0.0428085404
   0.0014805506       0.0440027655
   0.0015227952       0.0452295038
   0.0015662452       0.0464895939
   0.0016109350       0.0477838932
   0.0016568999       0.0491132782
   0.0017041763       0.0504786451
   0.0017528017       0.0518809094
   0.0018028145       0.0533210065
   0.0018542543       0.0547998921
   0.0019071619       0.0563185418
   0.0019615790       0.0578779520
   0.0020175489       0.0594791396
   0.0020751157       0.0611231422
   0.0021343251       0.0628110185
   0.0021952240       0.0645438481
   0.0022578604       0.0663227320
   0.0023222841       0.0681487921
   0.0023885460       0.0700231717
   0.0024566985       0.0719470354
   0.0025267956       0.0739215690
   0.0025988929       0.0759479795
   0.0026730472       0.0780274952
   0.0027493175       0.0801613651
   0.0028277639       0.0823508593
   0.0029084487       0.0845972683
   0.0029914356       0.0869019030
   0.0030767904       0.0892660946
   0.0031645807       0.0916911936
   0.0032548759       0.0941785700
   0.0033477474       0.0967296125
   0.0034432689       0.0993457279
   0.0035415159       0.1020283407
   0.0036425662       0.1047788922
   0.0037464998       0.1075988399
   0.0038533989       0.1104896562
   0.0039633482       0.1134528281
   0.0040764346       0.1164898555
   0.0041927478       0.1196022503
   0.0043123797       0.1227915354
   0.0044354251       0.1260592427
   0.0045619814       0.1294069121
   0.0046921487       0.1328360894
   0.0048260300       0.1363483250
   0.0049637315       0.1399451716
   0.0051053619       0.1436281823
   0.0052510335       0.1473989082
   0.0054008616       0.1512588961
   0.0055549647       0.1552096858
   0.0057134649       0.1592528073
   0.0058764875       0.1633897779
   0.0060441617       0.1676220990
   0.0062166201       0.1719512525
   0.0063939993       0.1763786974
   0.0065764397       0.1809058655
   0.0067640857       0.1855341577
   0.0069570857       0.1902649394
   0.0071555927       0.1950995356
   0.0073597637       0.2000392261
   0.0075697603       0.2050852402
   0.0077857487       0.2102387511
   0.0080079000       0.2155008697
   0.0082363899       0.2208726387
   0.0084713993       0.2263550257
   0.0087131142       0.2319489160
   0.0089617261       0.2376551057
   0.0092174316       0.2434742933
   0.0094804331       0.2494070719
   0.0097509389       0.2554539202
   0.0100291630       0.2616151937
   0.0103153258       0.2678911148
   0.0106096536       0.2742817629
   0.0109123795       0.2807870640
   0.0112237431       0.2874067792
   0.0115439908       0.2941404937
   0.0118733762       0.3009876044
   0.0122121600       0.3079473070
   0.0125606103       0.3150185834
   0.0129190030       0.3222001875
   0.0132876217       0.3294906311
   0.0136667583       0.3368881687
   0.0140567127       0.3443907823
   0.0144577938       0.3519961653
   0.0148703189       0.3597017057
   0.0152946146       0.3675044685
   0.0157310168       0.3754011787
   0.0161798709       0.3833882019
   0.0166415322       0.3914615258
   0.0171163660       0.3996167403
   0.0176047484       0.4078490177
   0.0181070657       0.4161530914
   0.0186237158       0.4245232352
   0.0191551074       0.4329532413
   0.0197016613       0.4414363979
   0.0202638100       0.4499654671
   0.0208419985       0.4585326613
   0.0214366846       0.4671296203
   0.0220483388       0.4757473874
   0.0226774454       0.4843763856
   0.0233245024       0.4930063936
   0.0239900218       0.5016265217
   0.0246745306       0.5102251878
   0.0253785705       0.5187900934
   0.0261026989       0.5273081995
   0.0268474888       0.5357657040
   0.0276135298       0.5441480180
   0.0284014284       0.5524397434
   0.0292118081       0.5606246520
   0.0300453105       0.5686856638
   0.0309025952       0.5766048283
   0.0317843408       0.5843633052
   0.0326912454       0.5919413482
   0.0336240267       0.5993182891
   0.0345834231       0.6064725252
   0.0355701941       0.6133815072
   0.0365851207       0.6200217314
   0.0376290062       0.6263687325
   0.0387026769       0.6323970816
   0.0398069828       0.6380803852
   0.0409427979       0.6433912900
   0.0421110213       0.6483014895
   0.0433125777       0.6527817367
   0.0445484181       0.6568018602
   0.0458195209       0.6603307858
   0.0471268921       0.6633365633
   0.0484715667       0.6657863995
   0.0498546089       0.6676466964
   0.0512771135       0.6688830971
   0.0527402066       0.6694605379
   0.0542450462       0.6693433081
   0.0557928234       0.6684951176
   0.0573847635       0.6668791724
   0.0590221265       0.6644582593
   0.0607062085       0.6611948390
   0.0624383425       0.6570511491
   0.0642198996       0.6519893163
   0.0660522900       0.6459714787
   0.0679369641       0.6389599194
   0.0698754137       0.6309172091
   0.0718691732       0.6218063608
   0.0739198207       0.6115909949
   0.0760289796       0.6002355157
   0.0781983192       0.5877052983
   0.0804295566       0.5739668877
   0.0827244582       0.5589882076
   0.0850848402       0.5427387811
   0.0875125713       0.5251899604
   0.0900095729       0.5063151678
   0.0925778216       0.4860901453
   0.0952193503       0.4644932126
   0.0979362499       0.4415055338
   0.1007306710       0.4171113900
   0.1036048255       0.3912984580
   0.1065609884       0.3640580934
   0.1096014997       0.3353856160
   0.1127287661       0.3052805971
   0.1159452629       0.2737471456
   0.1192535363       0.2407941916
   0.1226562048       0.2064357652
   0.1261559619       0.1706912680
   0.1297555778       0.1335857352
   0.1334579017       0.0951500850
   0.1372658643       0.0554213535
   0.1411824797       0.0144429111
   0.1452108481      -0.0277353412
   0.1493541583      -0.0710568003
   0.1536156897      -0.1154580157
   0.1579988157      -0.1608685750
   0.1625070057      -0.2072110226
   0.1671438281      -0.2544008153
   0.1719129533      -0.3023463182
   0.1768181563      -0.3509488434
   0.1818633197      -0.4001027364
   0.1870524371      -0.4496955121
   0.1923896158      -0.4996080442
   0.1978790806      -0.5497148111
   0.2035251767      -0.5998842013
   0.2093323732      -0.6499788796
   0.2153052667      -0.6998562181
   0.2214485853      -0.7493687914
   0.2277671915      -0.7983649382
   0.2342660868      -0.8466893889
   0.2409504156      -0.8941839573
   0.2478254687      -0.9406882966
   0.2548966882      -0.9860407145
   0.2621696712      -1.0300790459
   0.2696501746      -1.0726415759
   0.2773441198      -1.1135680095
   0.2852575967      -1.1527004791
   0.2933968694      -1.1898845830
   0.3017683804      -1.2249704466
   0.3103787563      -1.2578137952
   0.3192348126      -1.2882770307
   0.3283435593      -1.3162302993
   0.3377122064      -1.3415525409
   0.3473481697      -1.3641325085
   0.3572590765      -1.3838697464
   0.3674527719      -1.4006755169
   0.3779373246      -1.4144736638
   0.3887210336      -1.4252014029
   0.3998124350      -1.4328100306
   0.4112203079      -1.4372655402
   0.4229536825      -1.4385491396
   0.4350218461      -1.4366576616
   0.4474343513      -1.4316038613
   0.4602010234      -1.4234165964
   0.4733319677      -1.4121408845
   0.4868375780      -1.3978378363
   0.5007285448      -1.3805844608
   0.5150158634      -1.3604733442
   0.5297108429      -1.3376121995
   0.5448251152      -1.3121232906
   0.5603706440      -1.2841427313
   0.5763597342      -1.2538196628
   0.5928050422      -1.2213153126
   0.6097195852      -1.1868019616
   0.6271167519      -1.1504618473
   0.6450103130      -1.1124858648
   0.6634144322      -1.0730720240
   0.6823436773      -1.0324240149
   0.7018130317      -0.9907498062
   0.7218379064      -0.9482602042
   0.7424341521      -0.9051671261
   0.7636180717      -0.8616819170
   0.7854064335      -0.8180136673
   0.8078164839      -0.7743675277
   0.8308659616      -0.7309430424
   0.8545731116      -0.6879325232
   0.8789566991      -0.6455194860
   0.9040360250      -0.6038771767
   0.9298309409      -0.5631672007
   0.9563618647      -0.5235383322
   0.9836497970      -0.4851253961
   1.0117163376      -0.4480483996
   1.0405837025      -0.4124119098
   1.0702747418      -0.3783046169
   1.1008129572      -0.3457991121
   1.1322225215      -0.3149518896
   1.1645282968      -0.2858035629
   1.1977558549      -0.2583792804
   1.2319314968      -0.2326893225
   1.2670822745      -0.2087298576
   1.3032360115      -0.1864838355
   1.3404213254      -0.1659219965
   1.3786676501      -0.1470039748
   1.4180052595      -0.1296794765
   1.4584652914      -0.1138895124
   1.5000797719      -0.0995676666
   1.5428816409      -0.0866413822
   1.5869047783      -0.0750332442
   1.6321840306      -0.0646622423
   1.6787552386      -0.0554449940
   1.7266552658      -0.0472969106
   1.7759220275      -0.0401332917
   1.8265945207      -0.0338703317
   1.8787128552      -0.0284260278
   1.9323182855      -0.0237209790
   1.9874532428      -0.0196790710
   2.0441613693      -0.0162280411
   2.1024875522      -0.0132999240
   2.1624779597      -0.0108313802
   2.2241800773      -0.0087639113
   2.2876427452      -0.0070439699
   2.3529161973      -0.0056229724
   2.4200521009      -0.0044572262
   2.4891035973      -0.0035077826
   2.5601253444      -0.0027402269
   2.6331735594      -0.0021244201
   2.7083060637      -0.0016342026
   2.7855823283      -0.0012470738
   2.8650635214      -0.0009438557
   2.9468125563      -0.0007083535
   3.0308941414      -0.0005270194
   3.1173748317      -0.0003886276
   3.2063230808      -0.0002839662
   3.2978092958      -0.0002055503
   3.3919058927      -0.0001473594
   3.4886873536      -0.0001046001
   3.5882302859      -0.0000734962
   3.6906134829      -0.0000511040
   3.7959179859      -0.0000351544
   3.9042271489      -0.0000239173
   4.0156267039      -0.0000160887
   4.1302048294      -0.0000106972
   4.2480522196      -0.0000070279
   4.3692621566      -0.0000045607
   4.4939305843      -0.0000029225
   4.6221561840      -0.0000018486
   4.7540404526      -0.0000011538
   4.8896877833      -0.0000007103
   5.0292055476      -0.0000004311
   5.1727041810      -0.0000002579
   5.3202972697      -0.0000001520
   5.4721016412      -0.0000000882
   5.6282374562      -0.0000000504
   5.7888283041      -0.0000000283
   5.9540013006      -0.0000000157
   6.1238871884      -0.0000000085
   6.2986204408      -0.0000000045
   6.4783393679      -0.0000000024
   6.6631862263      -0.0000000012
   6.8533073316      -0.0000000006
   7.0488531741      -0.0000000003
   7.2499785382      -0.0000000001
   7.4568426249      -0.0000000001
   7.6696091773       0.0000000000
   7.8884466109       0.0000000000
   8.1135281466       0.0000000000
   8.3450319477       0.0000000000
   8.5831412610       0.0000000000
   8.8280445622       0.0000000000
   9.0799357044       0.0000000000
   9.3390140722       0.0000000000
   9.6054847390       0.0000000000
   9.8795586300       0.0000000000
  10.1614526882       0.0000000000
  10.4513900470       0.0000000000
  10.7496002065       0.0000000000
  11.0563192149       0.0000000000
  11.3717898558       0.0000000000
  11.6962618400       0.0000000000
  12.0299920034       0.0000000000
  12.3732445103       0.0000000000
  12.7262910621       0.0000000000
  13.0894111132       0.0000000000
  13.4628920911       0.0000000000
  13.8470296249       0.0000000000
  14.2421277787       0.0000000000
  14.6484992926       0.0000000000
  15.0664658301       0.0000000000
  15.4963582327       0.0000000000
  15.9385167818       0.0000000000
  16.3932914682       0.0000000000
  16.8610422689       0.0000000000
  17.3421394322       0.0000000000
  17.8369637706       0.0000000000
  18.3459069625       0.0000000000
  18.8693718620       0.0000000000
  19.4077728179       0.0000000000
  19.9615360017       0.0000000000
  20.5310997446       0.0000000000
  21.1169148851       0.0000000000
  21.7194451253       0.0000000000
  22.3391673981       0.0000000000
  22.9765722450       0.0000000000
  23.6321642038       0.0000000000
  24.3064622085       0.0000000000
  25.0000000000       0.0000000000
