   0.0000200000       0.0000000427
   0.0000205707       0.0000000451
   0.0000211576       0.0000000477
   0.0000217613       0.0000000505
   0.0000223822       0.0000000534
   0.0000230208       0.0000000565
   0.0000236777       0.0000000598
   0.0000243533       0.0000000633
   0.0000250482       0.0000000669
   0.0000257629       0.0000000708
   0.0000264980       0.0000000749
   0.0000272540       0.0000000792
   0.0000280317       0.0000000838
   0.0000288315       0.0000000887
   0.0000296542       0.0000000938
   0.0000305003       0.0000000992
   0.0000313705       0.0000001050
   0.0000322656       0.0000001110
   0.0000331863       0.0000001174
   0.0000341332       0.0000001242
   0.0000351071       0.0000001314
   0.0000361088       0.0000001390
   0.0000371391       0.0000001471
   0.0000381988       0.0000001556
   0.0000392887       0.0000001646
   0.0000404098       0.0000001741
   0.0000415628       0.0000001842
   0.0000427487       0.0000001949
   0.0000439685       0.0000002061
   0.0000452230       0.0000002181
   0.0000465134       0.0000002307
   0.0000478405       0.0000002440
   0.0000492056       0.0000002582
   0.0000506095       0.0000002731
   0.0000520536       0.0000002889
   0.0000535388       0.0000003056
   0.0000550665       0.0000003233
   0.0000566377       0.0000003420
   0.0000582537       0.0000003618
   0.0000599159       0.0000003828
   0.0000616255       0.0000004049
   0.0000633838       0.0000004283
   0.0000651924       0.0000004531
   0.0000670525       0.0000004793
   0.0000689657       0.0000005071
   0.0000709335       0.0000005364
   0.0000729575       0.0000005675
   0.0000750392       0.0000006003
   0.0000771803       0.0000006350
   0.0000793825       0.0000006718
   0.0000816475       0.0000007107
   0.0000839771       0.0000007518
   0.0000863733       0.0000007953
   0.0000888378       0.0000008413
   0.0000913726       0.0000008900
   0.0000939797       0.0000009415
   0.0000966612       0.0000009959
   0.0000994193       0.0000010536
   0.0001022560       0.0000011145
   0.0001051737       0.0000011790
   0.0001081746       0.0000012472
   0.0001112612       0.0000013194
   0.0001144358       0.0000013957
   0.0001177010       0.0000014764
   0.0001210594       0.0000015619
   0.0001245136       0.0000016522
   0.0001280663       0.0000017478
   0.0001317204       0.0000018489
   0.0001354788       0.0000019559
   0.0001393445       0.0000020690
   0.0001433204       0.0000021887
   0.0001474098       0.0000023153
   0.0001516158       0.0000024493
   0.0001559419       0.0000025909
   0.0001603914       0.0000027408
   0.0001649678       0.0000028994
   0.0001696749       0.0000030671
   0.0001745162       0.0000032445
   0.0001794957       0.0000034321
   0.0001846172       0.0000036306
   0.0001898849       0.0000038406
   0.0001953029       0.0000040628
   0.0002008755       0.0000042977
   0.0002066071       0.0000045463
   0.0002125023       0.0000048092
   0.0002185656       0.0000050874
   0.0002248019       0.0000053816
   0.0002312162       0.0000056928
   0.0002378135       0.0000060220
   0.0002445991       0.0000063702
   0.0002515782       0.0000067386
   0.0002587565       0.0000071282
   0.0002661397       0.0000075404
   0.0002737334       0.0000079764
   0.0002815439       0.0000084375
   0.0002895772       0.0000089254
   0.0002978397       0.0000094414
   0.0003063380       0.0000099872
   0.0003150788       0.0000105646
   0.0003240689       0.0000111753
   0.0003333156       0.0000118213
   0.0003428261       0.0000125047
   0.0003526080       0.0000132275
   0.0003626690       0.0000139920
   0.0003730170       0.0000148007
   0.0003836604       0.0000156562
   0.0003946074       0.0000165610
   0.0004058667       0.0000175181
   0.0004174473       0.0000185304
   0.0004293584       0.0000196012
   0.0004416093       0.0000207338
   0.0004542098       0.0000219318
   0.0004671698       0.0000231990
   0.0004804995       0.0000245393
   0.0004942097       0.0000259570
   0.0005083110       0.0000274565
   0.0005228147       0.0000290425
   0.0005377322       0.0000307201
   0.0005530753       0.0000324944
   0.0005688562       0.0000343711
   0.0005850874       0.0000363561
   0.0006017818       0.0000384556
   0.0006189525       0.0000406762
   0.0006366131       0.0000430248
   0.0006547776       0.0000455089
   0.0006734604       0.0000481363
   0.0006926763       0.0000509151
   0.0007124405       0.0000538541
   0.0007327686       0.0000569625
   0.0007536767       0.0000602500
   0.0007751814       0.0000637271
   0.0007972997       0.0000674044
   0.0008200491       0.0000712937
   0.0008434476       0.0000754069
   0.0008675138       0.0000797571
   0.0008922666       0.0000843578
   0.0009177257       0.0000892235
   0.0009439112       0.0000943692
   0.0009708439       0.0000998112
   0.0009985450       0.0001055664
   0.0010270366       0.0001116527
   0.0010563411       0.0001180893
   0.0010864817       0.0001248961
   0.0011174824       0.0001320945
   0.0011493676       0.0001397068
   0.0011821625       0.0001477567
   0.0012158933       0.0001562694
   0.0012505864       0.0001652714
   0.0012862695       0.0001747906
   0.0013229707       0.0001848567
   0.0013607191       0.0001955010
   0.0013995446       0.0002067565
   0.0014394779       0.0002186582
   0.0014805506       0.0002312431
   0.0015227952       0.0002445501
   0.0015662452       0.0002586205
   0.0016109350       0.0002734980
   0.0016568999       0.0002892286
   0.0017041763       0.0003058609
   0.0017528017       0.0003234465
   0.0018028145       0.0003420395
   0.0018542543       0.0003616975
   0.0019071619       0.0003824812
   0.0019615790       0.0004044545
   0.0020175489       0.0004276852
   0.0020751157       0.0004522448
   0.0021343251       0.0004782089
   0.0021952240       0.0005056572
   0.0022578604       0.0005346741
   0.0023222841       0.0005653485
   0.0023885460       0.0005977746
   0.0024566985       0.0006320515
   0.0025267956       0.0006682842
   0.0025988929       0.0007065835
   0.0026730472       0.0007470662
   0.0027493175       0.0007898558
   0.0028277639       0.0008350827
   0.0029084487       0.0008828846
   0.0029914356       0.0009334067
   0.0030767904       0.0009868024
   0.0031645807       0.0010432338
   0.0032548759       0.0011028716
   0.0033477474       0.0011658963
   0.0034432689       0.0012324983
   0.0035415159       0.0013028785
   0.0036425662       0.0013772489
   0.0037464998       0.0014558332
   0.0038533989       0.0015388675
   0.0039633482       0.0016266007
   0.0040764346       0.0017192956
   0.0041927478       0.0018172293
   0.0043123797       0.0019206941
   0.0044354251       0.0020299981
   0.0045619814       0.0021454664
   0.0046921487       0.0022674419
   0.0048260300       0.0023962858
   0.0049637315       0.0025323793
   0.0051053619       0.0026761238
   0.0052510335       0.0028279429
   0.0054008616       0.0029882826
   0.0055549647       0.0031576131
   0.0057134649       0.0033364300
   0.0058764875       0.0035252550
   0.0060441617       0.0037246382
   0.0062166201       0.0039351587
   0.0063939993       0.0041574265
   0.0065764397       0.0043920840
   0.0067640857       0.0046398075
   0.0069570857       0.0049013090
   0.0071555927       0.0051773380
   0.0073597637       0.0054686832
   0.0075697603       0.0057761748
   0.0077857487       0.0061006859
   0.0080079000       0.0064431352
   0.0082363899       0.0068044890
   0.0084713993       0.0071857633
   0.0087131142       0.0075880263
   0.0089617261       0.0080124012
   0.0092174316       0.0084600681
   0.0094804331       0.0089322675
   0.0097509389       0.0094303021
   0.0100291630       0.0099555408
   0.0103153258       0.0105094208
   0.0106096536       0.0110934511
   0.0109123795       0.0117092158
   0.0112237431       0.0123583771
   0.0115439908       0.0130426792
   0.0118733762       0.0137639513
   0.0122121600       0.0145241119
   0.0125606103       0.0153251719
   0.0129190030       0.0161692392
   0.0132876217       0.0170585222
   0.0136667583       0.0179953341
   0.0140567127       0.0189820973
   0.0144577938       0.0200213474
   0.0148703189       0.0211157379
   0.0152946146       0.0222680445
   0.0157310168       0.0234811701
   0.0161798709       0.0247581492
   0.0166415322       0.0261021526
   0.0171163660       0.0275164927
   0.0176047484       0.0290046278
   0.0181070657       0.0305701678
   0.0186237158       0.0322168784
   0.0191551074       0.0339486866
   0.0197016613       0.0357696856
   0.0202638100       0.0376841398
   0.0208419985       0.0396964896
   0.0214366846       0.0418113563
   0.0220483388       0.0440335472
   0.0226774454       0.0463680600
   0.0233245024       0.0488200872
   0.0239900218       0.0513950209
   0.0246745306       0.0540984566
   0.0253785705       0.0569361970
   0.0261026989       0.0599142561
   0.0268474888       0.0630388618
   0.0276135298       0.0663164594
   0.0284014284       0.0697537135
   0.0292118081       0.0733575101
   0.0300453105       0.0771349581
   0.0309025952       0.0810933899
   0.0317843408       0.0852403616
   0.0326912454       0.0895836518
   0.0336240267       0.0941312606
   0.0345834231       0.0988914069
   0.0355701941       0.1038725247
   0.0365851207       0.1090832587
   0.0376290062       0.1145324585
   0.0387026769       0.1202291711
   0.0398069828       0.1261826330
   0.0409427979       0.1324022594
   0.0421110213       0.1388976331
   0.0433125777       0.1456784909
   0.0445484181       0.1527547082
   0.0458195209       0.1601362816
   0.0471268921       0.1678333100
   0.0484715667       0.1758559722
   0.0498546089       0.1842145034
   0.0512771135       0.1929191685
   0.0527402066       0.2019802328
   0.0542450462       0.2114079301
   0.0557928234       0.2212124279
   0.0573847635       0.2314037895
   0.0590221265       0.2419919329
   0.0607062085       0.2529865864
   0.0624383425       0.2643972413
   0.0642198996       0.2762331006
   0.0660522900       0.2885030245
   0.0679369641       0.3012154721
   0.0698754137       0.3143784396
   0.0718691732       0.3279993946
   0.0739198207       0.3420852074
   0.0760289796       0.3566420776
   0.0781983192       0.3716754580
   0.0804295566       0.3871899742
   0.0827244582       0.4031893415
   0.0850848402       0.4196762783
   0.0875125713       0.4366524159
   0.0900095729       0.4541182060
   0.0925778216       0.4720728257
   0.0952193503       0.4905140799
   0.0979362499       0.5094383019
   0.1007306710       0.5288402529
   0.1036048255       0.5487130200
   0.1065609884       0.5690479146
   0.1096014997       0.5898343699
   0.1127287661       0.6110598406
   0.1159452629       0.6327097026
   0.1192535363       0.6547671564
   0.1226562048       0.6772131329
   0.1261559619       0.7000262030
   0.1297555778       0.7231824923
   0.1334579017       0.7466556020
   0.1372658643       0.7704165357
   0.1411824797       0.7944336346
   0.1452108481       0.8186725215
   0.1493541583       0.8430960546
   0.1536156897       0.8676642933
   0.1579988157       0.8923344753
   0.1625070057       0.9170610089
   0.1671438281       0.9417954797
   0.1719129533       0.9664866748
   0.1768181563       0.9910806251
   0.1818633197       1.0155206675
   0.1870524371       1.0397475294
   0.1923896158       1.0636994358
   0.1978790806       1.0873122417
   0.2035251767       1.1105195901
   0.2093323732       1.1332530979
   0.2153052667       1.1554425691
   0.2214485853       1.1770162377
   0.2277671915       1.1979010382
   0.2342660868       1.2180229053
   0.2409504156       1.2373071013
   0.2478254687       1.2556785698
   0.2548966882       1.2730623151
   0.2621696712       1.2893838030
   0.2696501746       1.3045693837
   0.2773441198       1.3185467313
   0.2852575967       1.3312452969
   0.2933968694       1.3425967740
   0.3017683804       1.3525355686
   0.3103787563       1.3609992736
   0.3192348126       1.3679291406
   0.3283435593       1.3732705460
   0.3377122064       1.3769734469
   0.3473481697       1.3789928222
   0.3572590765       1.3792890943
   0.3674527719       1.3778285287
   0.3779373246       1.3745836054
   0.3887210336       1.3695333608
   0.3998124350       1.3626636951
   0.4112203079       1.3539676429
   0.4229536825       1.3434456041
   0.4350218461       1.3311055334
   0.4474343513       1.3169630853
   0.4602010234       1.3010417142
   0.4733319677       1.2833727275
   0.4868375780       1.2639952907
   0.5007285448       1.2429563839
   0.5150158634       1.2203107088
   0.5297108429       1.1961205452
   0.5448251152       1.1704555571
   0.5603706440       1.1433925476
   0.5763597342       1.1150151612
   0.5928050422       1.0854135349
   0.6097195852       1.0546838765
   0.6271167519       1.0229279512
   0.6450103130       0.9902526031
   0.6634144322       0.9567693539
   0.6823436773       0.9225938144
   0.7018130317       0.8878448253
   0.7218379064       0.8526436941
   0.7424341521       0.8171134803
   0.7636180717       0.7813781951
   0.7854064335       0.7455619435
   0.8078164839       0.7097880341
   0.8308659616       0.6741780661
   0.8545731116       0.6388510070
   0.8789566991       0.6039222751
   0.9040360250       0.5695028454
   0.9298309409       0.5356983881
   0.9563618647       0.5026085011
   0.9836497970       0.4703259478
   1.0117163376       0.4389360339
   1.0405837025       0.4085161254
   1.0702747418       0.3791352574
   1.1008129572       0.3508538419
   1.1322225215       0.3237234830
   1.1645282968       0.2977868887
   1.1977558549       0.2730778723
   1.2319314968       0.2496214323
   1.2670822745       0.2274339033
   1.3032360115       0.2065231737
   1.3404213254       0.1868889652
   1.3786676501       0.1685231726
   1.4180052595       0.1514102625
   1.4584652914       0.1355277291
   1.5000797719       0.1208466041
   1.5428816409       0.1073320177
   1.5869047783       0.0949438043
   1.6321840306       0.0836371475
   1.6787552386       0.0733632542
   1.7266552658       0.0640700491
   1.7759220275       0.0557028801
   1.8265945207       0.0482052213
   1.8787128552       0.0415193645
   1.9323182855       0.0355870867
   1.9874532428       0.0303502851
   2.0441613693       0.0257515676
   2.1024875522       0.0217347935
   2.1624779597       0.0182455554
   2.2241800773       0.0152315984
   2.2876427452       0.0126431729
   2.3529161973       0.0104333193
   2.4200521009       0.0085580841
   2.4891035973       0.0069766704
   2.5601253444       0.0056515236
   2.6331735594       0.0045483591
   2.7083060637       0.0036361353
   2.7855823283       0.0028869794
   2.8650635214       0.0022760719
   2.9468125563       0.0017814972
   3.0308941414       0.0013840677
   3.1173748317       0.0010671284
   3.2063230808       0.0008163473
   3.2978092958       0.0006195009
   3.3919058927       0.0004662564
   3.4886873536       0.0003479593
   3.5882302859       0.0002574276
   3.6906134829       0.0001887574
   3.7959179859       0.0001371423
   3.9042271489       0.0000987076
   4.0156267039       0.0000703610
   4.1302048294       0.0000496593
   4.2480522196       0.0000346927
   4.3692621566       0.0000239842
   4.4939305843       0.0000164034
   4.6221561840       0.0000110952
   4.7540404526       0.0000074198
   4.8896877833       0.0000049042
   5.0292055476       0.0000032027
   5.1727041810       0.0000020658
   5.3202972697       0.0000013156
   5.4721016412       0.0000008269
   5.6282374562       0.0000005128
   5.7888283041       0.0000003137
   5.9540013006       0.0000001891
   6.1238871884       0.0000001124
   6.2986204408       0.0000000658
   6.4783393679       0.0000000379
   6.6631862263       0.0000000215
   6.8533073316       0.0000000120
   7.0488531741       0.0000000066
   7.2499785382       0.0000000000
   7.4568426249       0.0000000000
   7.6696091773       0.0000000000
   7.8884466109       0.0000000000
   8.1135281466       0.0000000000
   8.3450319477       0.0000000000
   8.5831412610       0.0000000000
   8.8280445622       0.0000000000
   9.0799357044       0.0000000000
   9.3390140722       0.0000000000
   9.6054847390       0.0000000000
   9.8795586300       0.0000000000
  10.1614526882       0.0000000000
  10.4513900470       0.0000000000
  10.7496002065       0.0000000000
  11.0563192149       0.0000000000
  11.3717898558       0.0000000000
  11.6962618400       0.0000000000
  12.0299920034       0.0000000000
  12.3732445103       0.0000000000
  12.7262910621       0.0000000000
  13.0894111132       0.0000000000
  13.4628920911       0.0000000000
  13.8470296249       0.0000000000
  14.2421277787       0.0000000000
  14.6484992926       0.0000000000
  15.0664658301       0.0000000000
  15.4963582327       0.0000000000
  15.9385167818       0.0000000000
  16.3932914682       0.0000000000
  16.8610422689       0.0000000000
  17.3421394322       0.0000000000
  17.8369637706       0.0000000000
  18.3459069625       0.0000000000
  18.8693718620       0.0000000000
  19.4077728179       0.0000000000
  19.9615360017       0.0000000000
  20.5310997446       0.0000000000
  21.1169148851       0.0000000000
  21.7194451253       0.0000000000
  22.3391673981       0.0000000000
  22.9765722450       0.0000000000
  23.6321642038       0.0000000000
  24.3064622085       0.0000000000
  25.0000000000       0.0000000000
