   0.0000200000       0.0000000110
   0.0000201410       0.0000000112
   0.0000202829       0.0000000113
   0.0000204258       0.0000000115
   0.0000205698       0.0000000117
   0.0000207148       0.0000000118
   0.0000208607       0.0000000120
   0.0000210078       0.0000000122
   0.0000211558       0.0000000123
   0.0000213049       0.0000000125
   0.0000214551       0.0000000127
   0.0000216063       0.0000000129
   0.0000217585       0.0000000130
   0.0000219119       0.0000000132
   0.0000220663       0.0000000134
   0.0000222218       0.0000000136
   0.0000223784       0.0000000138
   0.0000225361       0.0000000140
   0.0000226950       0.0000000142
   0.0000228549       0.0000000144
   0.0000230160       0.0000000146
   0.0000231782       0.0000000148
   0.0000233415       0.0000000150
   0.0000235060       0.0000000152
   0.0000236717       0.0000000154
   0.0000238385       0.0000000157
   0.0000240065       0.0000000159
   0.0000241757       0.0000000161
   0.0000243461       0.0000000163
   0.0000245177       0.0000000166
   0.0000246905       0.0000000168
   0.0000248645       0.0000000170
   0.0000250397       0.0000000173
   0.0000252162       0.0000000175
   0.0000253939       0.0000000178
   0.0000255729       0.0000000180
   0.0000257531       0.0000000183
   0.0000259346       0.0000000185
   0.0000261174       0.0000000188
   0.0000263014       0.0000000191
   0.0000264868       0.0000000193
   0.0000266734       0.0000000196
   0.0000268614       0.0000000199
   0.0000270507       0.0000000202
   0.0000272414       0.0000000204
   0.0000274334       0.0000000207
   0.0000276267       0.0000000210
   0.0000278214       0.0000000213
   0.0000280175       0.0000000216
   0.0000282149       0.0000000219
   0.0000284138       0.0000000222
   0.0000286140       0.0000000226
   0.0000288157       0.0000000229
   0.0000290188       0.0000000232
   0.0000292233       0.0000000235
   0.0000294292       0.0000000239
   0.0000296366       0.0000000242
   0.0000298455       0.0000000245
   0.0000300558       0.0000000249
   0.0000302677       0.0000000252
   0.0000304810       0.0000000256
   0.0000306958       0.0000000260
   0.0000309121       0.0000000263
   0.0000311300       0.0000000267
   0.0000313494       0.0000000271
   0.0000315703       0.0000000275
   0.0000317928       0.0000000278
   0.0000320169       0.0000000282
   0.0000322425       0.0000000286
   0.0000324697       0.0000000290
   0.0000326986       0.0000000295
   0.0000329290       0.0000000299
   0.0000331611       0.0000000303
   0.0000333948       0.0000000307
   0.0000336301       0.0000000312
   0.0000338671       0.0000000316
   0.0000341058       0.0000000320
   0.0000343462       0.0000000325
   0.0000345882       0.0000000330
   0.0000348320       0.0000000334
   0.0000350775       0.0000000339
   0.0000353247       0.0000000344
   0.0000355736       0.0000000349
   0.0000358244       0.0000000354
   0.0000360768       0.0000000359
   0.0000363311       0.0000000364
   0.0000365871       0.0000000369
   0.0000368450       0.0000000374
   0.0000371046       0.0000000379
   0.0000373661       0.0000000385
   0.0000376295       0.0000000390
   0.0000378947       0.0000000396
   0.0000381617       0.0000000401
   0.0000384307       0.0000000407
   0.0000387015       0.0000000413
   0.0000389743       0.0000000418
   0.0000392490       0.0000000424
   0.0000395256       0.0000000430
   0.0000398041       0.0000000436
   0.0000400846       0.0000000443
   0.0000403671       0.0000000449
   0.0000406516       0.0000000455
   0.0000409381       0.0000000462
   0.0000412266       0.0000000468
   0.0000415172       0.0000000475
   0.0000418098       0.0000000482
   0.0000421044       0.0000000488
   0.0000424012       0.0000000495
   0.0000427000       0.0000000502
   0.0000430009       0.0000000509
   0.0000433040       0.0000000517
   0.0000436092       0.0000000524
   0.0000439165       0.0000000531
   0.0000442260       0.0000000539
   0.0000445377       0.0000000546
   0.0000448516       0.0000000554
   0.0000451677       0.0000000562
   0.0000454860       0.0000000570
   0.0000458066       0.0000000578
   0.0000461294       0.0000000586
   0.0000464545       0.0000000594
   0.0000467819       0.0000000603
   0.0000471116       0.0000000611
   0.0000474436       0.0000000620
   0.0000477780       0.0000000629
   0.0000481147       0.0000000638
   0.0000484538       0.0000000647
   0.0000487952       0.0000000656
   0.0000491391       0.0000000665
   0.0000494854       0.0000000675
   0.0000498342       0.0000000684
   0.0000501854       0.0000000694
   0.0000505391       0.0000000704
   0.0000508953       0.0000000714
   0.0000512539       0.0000000724
   0.0000516152       0.0000000734
   0.0000519789       0.0000000744
   0.0000523452       0.0000000755
   0.0000527142       0.0000000765
   0.0000530857       0.0000000776
   0.0000534598       0.0000000787
   0.0000538365       0.0000000798
   0.0000542160       0.0000000810
   0.0000545981       0.0000000821
   0.0000549828       0.0000000833
   0.0000553703       0.0000000844
   0.0000557606       0.0000000856
   0.0000561535       0.0000000869
   0.0000565493       0.0000000881
   0.0000569478       0.0000000893
   0.0000573492       0.0000000906
   0.0000577533       0.0000000919
   0.0000581603       0.0000000932
   0.0000585702       0.0000000945
   0.0000589830       0.0000000958
   0.0000593987       0.0000000972
   0.0000598173       0.0000000986
   0.0000602389       0.0000000999
   0.0000606634       0.0000001014
   0.0000610909       0.0000001028
   0.0000615215       0.0000001042
   0.0000619551       0.0000001057
   0.0000623917       0.0000001072
   0.0000628314       0.0000001087
   0.0000632742       0.0000001103
   0.0000637201       0.0000001118
   0.0000641692       0.0000001134
   0.0000646214       0.0000001150
   0.0000650769       0.0000001166
   0.0000655355       0.0000001183
   0.0000659974       0.0000001200
   0.0000664625       0.0000001217
   0.0000669309       0.0000001234
   0.0000674026       0.0000001251
   0.0000678776       0.0000001269
   0.0000683560       0.0000001287
   0.0000688377       0.0000001305
   0.0000693229       0.0000001324
   0.0000698114       0.0000001342
   0.0000703034       0.0000001361
   0.0000707989       0.0000001380
   0.0000712978       0.0000001400
   0.0000718003       0.0000001420
   0.0000723063       0.0000001440
   0.0000728159       0.0000001460
   0.0000733291       0.0000001481
   0.0000738459       0.0000001502
   0.0000743663       0.0000001523
   0.0000748904       0.0000001545
   0.0000754182       0.0000001566
   0.0000759497       0.0000001589
   0.0000764850       0.0000001611
   0.0000770240       0.0000001634
   0.0000775668       0.0000001657
   0.0000781135       0.0000001680
   0.0000786640       0.0000001704
   0.0000792184       0.0000001728
   0.0000797767       0.0000001753
   0.0000803389       0.0000001777
   0.0000809051       0.0000001803
   0.0000814753       0.0000001828
   0.0000820495       0.0000001854
   0.0000826278       0.0000001880
   0.0000832101       0.0000001907
   0.0000837965       0.0000001934
   0.0000843871       0.0000001961
   0.0000849818       0.0000001989
   0.0000855807       0.0000002017
   0.0000861838       0.0000002045
   0.0000867912       0.0000002074
   0.0000874029       0.0000002104
   0.0000880189       0.0000002133
   0.0000886392       0.0000002164
   0.0000892639       0.0000002194
   0.0000898930       0.0000002225
   0.0000905265       0.0000002257
   0.0000911645       0.0000002289
   0.0000918070       0.0000002321
   0.0000924540       0.0000002354
   0.0000931056       0.0000002387
   0.0000937617       0.0000002421
   0.0000944225       0.0000002455
   0.0000950880       0.0000002490
   0.0000957581       0.0000002525
   0.0000964330       0.0000002561
   0.0000971126       0.0000002597
   0.0000977970       0.0000002634
   0.0000984862       0.0000002671
   0.0000991803       0.0000002709
   0.0000998793       0.0000002747
   0.0001005832       0.0000002786
   0.0001012921       0.0000002825
   0.0001020059       0.0000002865
   0.0001027248       0.0000002906
   0.0001034488       0.0000002947
   0.0001041778       0.0000002988
   0.0001049120       0.0000003031
   0.0001056514       0.0000003073
   0.0001063960       0.0000003117
   0.0001071458       0.0000003161
   0.0001079009       0.0000003206
   0.0001086614       0.0000003251
   0.0001094272       0.0000003297
   0.0001101984       0.0000003344
   0.0001109750       0.0000003391
   0.0001117571       0.0000003439
   0.0001125447       0.0000003487
   0.0001133379       0.0000003537
   0.0001141366       0.0000003587
   0.0001149410       0.0000003637
   0.0001157511       0.0000003689
   0.0001165668       0.0000003741
   0.0001173883       0.0000003794
   0.0001182156       0.0000003847
   0.0001190488       0.0000003902
   0.0001198878       0.0000003957
   0.0001207327       0.0000004013
   0.0001215836       0.0000004070
   0.0001224404       0.0000004127
   0.0001233033       0.0000004186
   0.0001241723       0.0000004245
   0.0001250474       0.0000004305
   0.0001259287       0.0000004366
   0.0001268162       0.0000004427
   0.0001277099       0.0000004490
   0.0001286100       0.0000004553
   0.0001295164       0.0000004618
   0.0001304291       0.0000004683
   0.0001313484       0.0000004749
   0.0001322740       0.0000004816
   0.0001332062       0.0000004885
   0.0001341450       0.0000004954
   0.0001350904       0.0000005024
   0.0001360425       0.0000005095
   0.0001370012       0.0000005167
   0.0001379668       0.0000005240
   0.0001389391       0.0000005314
   0.0001399183       0.0000005389
   0.0001409044       0.0000005465
   0.0001418974       0.0000005542
   0.0001428974       0.0000005621
   0.0001439045       0.0000005700
   0.0001449187       0.0000005781
   0.0001459400       0.0000005863
   0.0001469685       0.0000005945
   0.0001480043       0.0000006029
   0.0001490474       0.0000006115
   0.0001500978       0.0000006201
   0.0001511556       0.0000006289
   0.0001522209       0.0000006378
   0.0001532937       0.0000006468
   0.0001543740       0.0000006559
   0.0001554620       0.0000006652
   0.0001565576       0.0000006746
   0.0001576609       0.0000006841
   0.0001587721       0.0000006938
   0.0001598910       0.0000007036
   0.0001610179       0.0000007136
   0.0001621526       0.0000007237
   0.0001632954       0.0000007339
   0.0001644463       0.0000007443
   0.0001656052       0.0000007548
   0.0001667723       0.0000007654
   0.0001679477       0.0000007763
   0.0001691313       0.0000007872
   0.0001703232       0.0000007984
   0.0001715236       0.0000008097
   0.0001727324       0.0000008211
   0.0001739498       0.0000008327
   0.0001751757       0.0000008445
   0.0001764102       0.0000008564
   0.0001776535       0.0000008685
   0.0001789055       0.0000008808
   0.0001801664       0.0000008932
   0.0001814361       0.0000009059
   0.0001827148       0.0000009187
   0.0001840025       0.0000009317
   0.0001852992       0.0000009448
   0.0001866052       0.0000009582
   0.0001879203       0.0000009717
   0.0001892446       0.0000009855
   0.0001905784       0.0000009994
   0.0001919215       0.0000010135
   0.0001932740       0.0000010278
   0.0001946362       0.0000010424
   0.0001960079       0.0000010571
   0.0001973892       0.0000010721
   0.0001987804       0.0000010872
   0.0002001813       0.0000011026
   0.0002015921       0.0000011182
   0.0002030128       0.0000011340
   0.0002044435       0.0000011500
   0.0002058844       0.0000011662
   0.0002073353       0.0000011827
   0.0002087965       0.0000011994
   0.0002102681       0.0000012164
   0.0002117499       0.0000012336
   0.0002132422       0.0000012510
   0.0002147451       0.0000012687
   0.0002162585       0.0000012866
   0.0002177826       0.0000013048
   0.0002193174       0.0000013233
   0.0002208631       0.0000013420
   0.0002224196       0.0000013609
   0.0002239872       0.0000013802
   0.0002255657       0.0000013997
   0.0002271554       0.0000014194
   0.0002287563       0.0000014395
   0.0002303685       0.0000014598
   0.0002319920       0.0000014805
   0.0002336270       0.0000015014
   0.0002352735       0.0000015226
   0.0002369316       0.0000015441
   0.0002386014       0.0000015660
   0.0002402829       0.0000015881
   0.0002419763       0.0000016105
   0.0002436817       0.0000016333
   0.0002453990       0.0000016564
   0.0002471285       0.0000016798
   0.0002488702       0.0000017035
   0.0002506241       0.0000017276
   0.0002523904       0.0000017520
   0.0002541691       0.0000017768
   0.0002559604       0.0000018019
   0.0002577643       0.0000018273
   0.0002595809       0.0000018532
   0.0002614103       0.0000018793
   0.0002632526       0.0000019059
   0.0002651079       0.0000019328
   0.0002669762       0.0000019601
   0.0002688578       0.0000019878
   0.0002707526       0.0000020159
   0.0002726607       0.0000020444
   0.0002745823       0.0000020733
   0.0002765174       0.0000021026
   0.0002784662       0.0000021323
   0.0002804287       0.0000021624
   0.0002824050       0.0000021930
   0.0002843953       0.0000022240
   0.0002863996       0.0000022554
   0.0002884180       0.0000022873
   0.0002904507       0.0000023196
   0.0002924976       0.0000023524
   0.0002945590       0.0000023856
   0.0002966349       0.0000024193
   0.0002987255       0.0000024535
   0.0003008308       0.0000024882
   0.0003029509       0.0000025233
   0.0003050860       0.0000025590
   0.0003072361       0.0000025951
   0.0003094013       0.0000026318
   0.0003115819       0.0000026690
   0.0003137778       0.0000027067
   0.0003159891       0.0000027449
   0.0003182161       0.0000027837
   0.0003204587       0.0000028230
   0.0003227172       0.0000028629
   0.0003249915       0.0000029033
   0.0003272819       0.0000029444
   0.0003295885       0.0000029860
   0.0003319113       0.0000030281
   0.0003342504       0.0000030709
   0.0003366061       0.0000031143
   0.0003389783       0.0000031583
   0.0003413673       0.0000032029
   0.0003437731       0.0000032482
   0.0003461959       0.0000032940
   0.0003486357       0.0000033406
   0.0003510927       0.0000033878
   0.0003535671       0.0000034356
   0.0003560589       0.0000034841
   0.0003585682       0.0000035334
   0.0003610952       0.0000035833
   0.0003636401       0.0000036339
   0.0003662028       0.0000036852
   0.0003687837       0.0000037373
   0.0003713827       0.0000037901
   0.0003740000       0.0000038436
   0.0003766358       0.0000038979
   0.0003792902       0.0000039529
   0.0003819633       0.0000040088
   0.0003846552       0.0000040654
   0.0003873660       0.0000041228
   0.0003900960       0.0000041810
   0.0003928453       0.0000042401
   0.0003956139       0.0000043000
   0.0003984020       0.0000043607
   0.0004012097       0.0000044223
   0.0004040373       0.0000044848
   0.0004068848       0.0000045481
   0.0004097523       0.0000046123
   0.0004126400       0.0000046775
   0.0004155482       0.0000047435
   0.0004184767       0.0000048105
   0.0004214260       0.0000048785
   0.0004243960       0.0000049473
   0.0004273870       0.0000050172
   0.0004303990       0.0000050881
   0.0004334323       0.0000051599
   0.0004364869       0.0000052328
   0.0004395631       0.0000053067
   0.0004426609       0.0000053816
   0.0004457806       0.0000054576
   0.0004489223       0.0000055347
   0.0004520861       0.0000056128
   0.0004552722       0.0000056921
   0.0004584807       0.0000057725
   0.0004617119       0.0000058540
   0.0004649658       0.0000059366
   0.0004682427       0.0000060205
   0.0004715427       0.0000061055
   0.0004748659       0.0000061917
   0.0004782125       0.0000062791
   0.0004815828       0.0000063677
   0.0004849767       0.0000064576
   0.0004883946       0.0000065488
   0.0004918366       0.0000066413
   0.0004953029       0.0000067350
   0.0004987936       0.0000068301
   0.0005023088       0.0000069266
   0.0005058489       0.0000070244
   0.0005094139       0.0000071235
   0.0005130040       0.0000072241
   0.0005166194       0.0000073261
   0.0005202603       0.0000074295
   0.0005239269       0.0000075344
   0.0005276193       0.0000076407
   0.0005313377       0.0000077486
   0.0005350824       0.0000078580
   0.0005388534       0.0000079689
   0.0005426510       0.0000080814
   0.0005464753       0.0000081955
   0.0005503267       0.0000083111
   0.0005542051       0.0000084285
   0.0005581109       0.0000085474
   0.0005620442       0.0000086681
   0.0005660053       0.0000087904
   0.0005699942       0.0000089145
   0.0005740113       0.0000090403
   0.0005780567       0.0000091679
   0.0005821306       0.0000092973
   0.0005862332       0.0000094285
   0.0005903647       0.0000095616
   0.0005945253       0.0000096965
   0.0005987152       0.0000098334
   0.0006029347       0.0000099722
   0.0006071839       0.0000101129
   0.0006114631       0.0000102556
   0.0006157724       0.0000104003
   0.0006201121       0.0000105471
   0.0006244824       0.0000106959
   0.0006288835       0.0000108469
   0.0006333156       0.0000109999
   0.0006377789       0.0000111551
   0.0006422737       0.0000113126
   0.0006468001       0.0000114722
   0.0006513585       0.0000116341
   0.0006559490       0.0000117982
   0.0006605718       0.0000119647
   0.0006652272       0.0000121335
   0.0006699155       0.0000123047
   0.0006746367       0.0000124783
   0.0006793913       0.0000126543
   0.0006841793       0.0000128329
   0.0006890011       0.0000130139
   0.0006938569       0.0000131975
   0.0006987469       0.0000133837
   0.0007036713       0.0000135725
   0.0007086305       0.0000137640
   0.0007136246       0.0000139581
   0.0007186539       0.0000141550
   0.0007237187       0.0000143547
   0.0007288191       0.0000145572
   0.0007339555       0.0000147626
   0.0007391281       0.0000149708
   0.0007443371       0.0000151819
   0.0007495829       0.0000153961
   0.0007548656       0.0000156132
   0.0007601856       0.0000158335
   0.0007655430       0.0000160568
   0.0007709383       0.0000162832
   0.0007763715       0.0000165129
   0.0007818430       0.0000167458
   0.0007873531       0.0000169819
   0.0007929020       0.0000172214
   0.0007984900       0.0000174643
   0.0008041174       0.0000177106
   0.0008097845       0.0000179603
   0.0008154915       0.0000182136
   0.0008212387       0.0000184704
   0.0008270264       0.0000187309
   0.0008328550       0.0000189950
   0.0008387245       0.0000192628
   0.0008446355       0.0000195344
   0.0008505881       0.0000198098
   0.0008565827       0.0000200891
   0.0008626195       0.0000203724
   0.0008686989       0.0000206596
   0.0008748211       0.0000209509
   0.0008809864       0.0000212462
   0.0008871952       0.0000215457
   0.0008934478       0.0000218495
   0.0008997444       0.0000221575
   0.0009060854       0.0000224698
   0.0009124711       0.0000227866
   0.0009189018       0.0000231078
   0.0009253778       0.0000234335
   0.0009318994       0.0000237638
   0.0009384671       0.0000240987
   0.0009450810       0.0000244384
   0.0009517415       0.0000247828
   0.0009584489       0.0000251321
   0.0009652036       0.0000254863
   0.0009720060       0.0000258455
   0.0009788562       0.0000262097
   0.0009857548       0.0000265791
   0.0009927019       0.0000269536
   0.0009996981       0.0000273335
   0.0010067435       0.0000277186
   0.0010138386       0.0000281092
   0.0010209837       0.0000285053
   0.0010281791       0.0000289069
   0.0010354253       0.0000293142
   0.0010427225       0.0000297272
   0.0010500711       0.0000301460
   0.0010574716       0.0000305708
   0.0010649241       0.0000310014
   0.0010724293       0.0000314382
   0.0010799873       0.0000318811
   0.0010875985       0.0000323302
   0.0010952634       0.0000327856
   0.0011029824       0.0000332474
   0.0011107557       0.0000337157
   0.0011185838       0.0000341906
   0.0011264671       0.0000346722
   0.0011344059       0.0000351605
   0.0011424007       0.0000356557
   0.0011504519       0.0000361579
   0.0011585597       0.0000366671
   0.0011667248       0.0000371835
   0.0011749473       0.0000377071
   0.0011832278       0.0000382381
   0.0011915667       0.0000387765
   0.0011999643       0.0000393226
   0.0012084211       0.0000398762
   0.0012169376       0.0000404377
   0.0012255140       0.0000410070
   0.0012341509       0.0000415844
   0.0012428486       0.0000421698
   0.0012516077       0.0000427635
   0.0012604284       0.0000433655
   0.0012693114       0.0000439760
   0.0012782569       0.0000445950
   0.0012872655       0.0000452228
   0.0012963376       0.0000458593
   0.0013054736       0.0000465048
   0.0013146740       0.0000471594
   0.0013239392       0.0000478231
   0.0013332698       0.0000484962
   0.0013426661       0.0000491787
   0.0013521286       0.0000498708
   0.0013616578       0.0000505726
   0.0013712541       0.0000512842
   0.0013809181       0.0000520058
   0.0013906502       0.0000527376
   0.0014004509       0.0000534796
   0.0014103207       0.0000542321
   0.0014202600       0.0000549951
   0.0014302694       0.0000557688
   0.0014403493       0.0000565534
   0.0014505002       0.0000573489
   0.0014607227       0.0000581557
   0.0014710172       0.0000589737
   0.0014813843       0.0000598033
   0.0014918244       0.0000606444
   0.0015023381       0.0000614974
   0.0015129260       0.0000623623
   0.0015235884       0.0000632393
   0.0015343260       0.0000641287
   0.0015451392       0.0000650305
   0.0015560287       0.0000659450
   0.0015669949       0.0000668723
   0.0015780384       0.0000678125
   0.0015891597       0.0000687660
   0.0016003594       0.0000697328
   0.0016116380       0.0000707132
   0.0016229961       0.0000717073
   0.0016344342       0.0000727154
   0.0016459530       0.0000737376
   0.0016575530       0.0000747741
   0.0016692347       0.0000758251
   0.0016809987       0.0000768908
   0.0016928456       0.0000779715
   0.0017047760       0.0000790674
   0.0017167905       0.0000801785
   0.0017288897       0.0000813053
   0.0017410742       0.0000824478
   0.0017533445       0.0000836063
   0.0017657013       0.0000847811
   0.0017781452       0.0000859722
   0.0017906767       0.0000871801
   0.0018032966       0.0000884049
   0.0018160055       0.0000896468
   0.0018288039       0.0000909062
   0.0018416925       0.0000921831
   0.0018546719       0.0000934779
   0.0018677428       0.0000947909
   0.0018809058       0.0000961222
   0.0018941616       0.0000974721
   0.0019075108       0.0000988410
   0.0019209541       0.0001002290
   0.0019344922       0.0001016364
   0.0019481256       0.0001030635
   0.0019618551       0.0001045106
   0.0019756814       0.0001059779
   0.0019896051       0.0001074657
   0.0020036270       0.0001089743
   0.0020177477       0.0001105041
   0.0020319679       0.0001120552
   0.0020462883       0.0001136280
   0.0020607096       0.0001152228
   0.0020752326       0.0001168399
   0.0020898579       0.0001184796
   0.0021045863       0.0001201422
   0.0021194185       0.0001218280
   0.0021343552       0.0001235375
   0.0021493972       0.0001252707
   0.0021645452       0.0001270283
   0.0021797999       0.0001288103
   0.0021951622       0.0001306173
   0.0022106327       0.0001324495
   0.0022262123       0.0001343073
   0.0022419016       0.0001361911
   0.0022577016       0.0001381011
   0.0022736128       0.0001400378
   0.0022896363       0.0001420016
   0.0023057726       0.0001439928
   0.0023220227       0.0001460118
   0.0023383872       0.0001480589
   0.0023548672       0.0001501347
   0.0023714632       0.0001522394
   0.0023881762       0.0001543734
   0.0024050070       0.0001565373
   0.0024219565       0.0001587313
   0.0024390253       0.0001609560
   0.0024562145       0.0001632117
   0.0024735248       0.0001654988
   0.0024909571       0.0001678179
   0.0025085123       0.0001701692
   0.0025261912       0.0001725534
   0.0025439946       0.0001749708
   0.0025619236       0.0001774219
   0.0025799789       0.0001799072
   0.0025981614       0.0001824271
   0.0026164721       0.0001849821
   0.0026349119       0.0001875728
   0.0026534816       0.0001901995
   0.0026721821       0.0001928629
   0.0026910145       0.0001955633
   0.0027099795       0.0001983013
   0.0027290783       0.0002010775
   0.0027483116       0.0002038924
   0.0027676805       0.0002067464
   0.0027871859       0.0002096402
   0.0028068287       0.0002125742
   0.0028266100       0.0002155491
   0.0028465307       0.0002185654
   0.0028665918       0.0002216237
   0.0028867943       0.0002247245
   0.0029071391       0.0002278685
   0.0029276273       0.0002310562
   0.0029482600       0.0002342883
   0.0029690380       0.0002375653
   0.0029899624       0.0002408879
   0.0030110344       0.0002442567
   0.0030322548       0.0002476723
   0.0030536248       0.0002511354
   0.0030751454       0.0002546467
   0.0030968176       0.0002582067
   0.0031186426       0.0002618162
   0.0031406215       0.0002654759
   0.0031627552       0.0002691864
   0.0031850449       0.0002729485
   0.0032074916       0.0002767628
   0.0032300966       0.0002806300
   0.0032528609       0.0002845510
   0.0032757856       0.0002885264
   0.0032988719       0.0002925570
   0.0033221209       0.0002966436
   0.0033455337       0.0003007869
   0.0033691116       0.0003049876
   0.0033928556       0.0003092467
   0.0034167669       0.0003135648
   0.0034408468       0.0003179428
   0.0034650963       0.0003223816
   0.0034895168       0.0003268818
   0.0035141094       0.0003314445
   0.0035388752       0.0003360705
   0.0035638157       0.0003407605
   0.0035889319       0.0003455156
   0.0036142251       0.0003503366
   0.0036396965       0.0003552243
   0.0036653475       0.0003601798
   0.0036911792       0.0003652039
   0.0037171930       0.0003702975
   0.0037433901       0.0003754617
   0.0037697719       0.0003806974
   0.0037963396       0.0003860056
   0.0038230945       0.0003913872
   0.0038500380       0.0003968433
   0.0038771713       0.0004023749
   0.0039044959       0.0004079831
   0.0039320131       0.0004136688
   0.0039597242       0.0004194331
   0.0039876305       0.0004252771
   0.0040157336       0.0004312019
   0.0040440347       0.0004372087
   0.0040725353       0.0004432984
   0.0041012367       0.0004494723
   0.0041301404       0.0004557315
   0.0041592478       0.0004620771
   0.0041885603       0.0004685104
   0.0042180794       0.0004750325
   0.0042478066       0.0004816447
   0.0042777432       0.0004883481
   0.0043078909       0.0004951441
   0.0043382510       0.0005020338
   0.0043688250       0.0005090186
   0.0043996146       0.0005160998
   0.0044306211       0.0005232786
   0.0044618462       0.0005305564
   0.0044932913       0.0005379345
   0.0045249580       0.0005454144
   0.0045568479       0.0005529973
   0.0045889625       0.0005606847
   0.0046213035       0.0005684781
   0.0046538724       0.0005763787
   0.0046866708       0.0005843882
   0.0047197004       0.0005925080
   0.0047529628       0.0006007395
   0.0047864595       0.0006090843
   0.0048201924       0.0006175440
   0.0048541630       0.0006261200
   0.0048883730       0.0006348141
   0.0049228240       0.0006436276
   0.0049575179       0.0006525624
   0.0049924563       0.0006616200
   0.0050276409       0.0006708021
   0.0050630735       0.0006801104
   0.0050987558       0.0006895465
   0.0051346896       0.0006991123
   0.0051708766       0.0007088094
   0.0052073186       0.0007186397
   0.0052440175       0.0007286049
   0.0052809750       0.0007387068
   0.0053181930       0.0007489474
   0.0053556733       0.0007593285
   0.0053934177       0.0007698519
   0.0054314281       0.0007805197
   0.0054697064       0.0007913336
   0.0055082544       0.0008022958
   0.0055470742       0.0008134083
   0.0055861675       0.0008246729
   0.0056255363       0.0008360918
   0.0056651826       0.0008476671
   0.0057051083       0.0008594009
   0.0057453154       0.0008712953
   0.0057858058       0.0008833524
   0.0058265816       0.0008955745
   0.0058676448       0.0009079638
   0.0059089973       0.0009205224
   0.0059506413       0.0009332528
   0.0059925788       0.0009461571
   0.0060348118       0.0009592378
   0.0060773425       0.0009724971
   0.0061201729       0.0009859376
   0.0061633052       0.0009995615
   0.0062067414       0.0010133714
   0.0062504838       0.0010273698
   0.0062945344       0.0010415592
   0.0063388955       0.0010559421
   0.0063835692       0.0010705211
   0.0064285578       0.0010852989
   0.0064738634       0.0011002781
   0.0065194883       0.0011154614
   0.0065654348       0.0011308515
   0.0066117051       0.0011464512
   0.0066583014       0.0011622632
   0.0067052262       0.0011782905
   0.0067524817       0.0011945359
   0.0068000701       0.0012110022
   0.0068479940       0.0012276925
   0.0068962556       0.0012446097
   0.0069448574       0.0012617568
   0.0069938017       0.0012791369
   0.0070430909       0.0012967530
   0.0070927275       0.0013146084
   0.0071427139       0.0013327062
   0.0071930525       0.0013510496
   0.0072437460       0.0013696419
   0.0072947967       0.0013884864
   0.0073462072       0.0014075864
   0.0073979800       0.0014269453
   0.0074501177       0.0014465665
   0.0075026228       0.0014664535
   0.0075554980       0.0014866099
   0.0076087458       0.0015070391
   0.0076623688       0.0015277448
   0.0077163698       0.0015487307
   0.0077707514       0.0015700004
   0.0078255162       0.0015915577
   0.0078806669       0.0016134064
   0.0079362064       0.0016355504
   0.0079921372       0.0016579934
   0.0080484623       0.0016807395
   0.0081051843       0.0017037926
   0.0081623060       0.0017271569
   0.0082198303       0.0017508363
   0.0082777600       0.0017748350
   0.0083360980       0.0017991572
   0.0083948471       0.0018238072
   0.0084540103       0.0018487893
   0.0085135904       0.0018741078
   0.0085735904       0.0018997670
   0.0086340133       0.0019257716
   0.0086948620       0.0019521260
   0.0087561395       0.0019788348
   0.0088178489       0.0020059026
   0.0088799932       0.0020333341
   0.0089425754       0.0020611340
   0.0090055987       0.0020893073
   0.0090690662       0.0021178586
   0.0091329810       0.0021467931
   0.0091973462       0.0021761156
   0.0092621650       0.0022058312
   0.0093274406       0.0022359450
   0.0093931763       0.0022664622
   0.0094593752       0.0022973881
   0.0095260407       0.0023287280
   0.0095931760       0.0023604871
   0.0096607845       0.0023926711
   0.0097288694       0.0024252853
   0.0097974341       0.0024583354
   0.0098664821       0.0024918269
   0.0099360167       0.0025257657
   0.0100060413       0.0025601574
   0.0100765595       0.0025950080
   0.0101475746       0.0026303233
   0.0102190902       0.0026661094
   0.0102911098       0.0027023724
   0.0103636370       0.0027391182
   0.0104366753       0.0027763533
   0.0105102284       0.0028140839
   0.0105842998       0.0028523163
   0.0106588932       0.0028910570
   0.0107340124       0.0029303126
   0.0108096610       0.0029700895
   0.0108858427       0.0030103946
   0.0109625612       0.0030512346
   0.0110398205       0.0030926162
   0.0111176243       0.0031345466
   0.0111959764       0.0031770326
   0.0112748806       0.0032200813
   0.0113543410       0.0032637000
   0.0114343613       0.0033078960
   0.0115149457       0.0033526764
   0.0115960979       0.0033980489
   0.0116778220       0.0034440209
   0.0117601221       0.0034906001
   0.0118430023       0.0035377941
   0.0119264665       0.0035856108
   0.0120105189       0.0036340581
   0.0120951638       0.0036831439
   0.0121804051       0.0037328763
   0.0122662472       0.0037832636
   0.0123526943       0.0038343139
   0.0124397506       0.0038860357
   0.0125274204       0.0039384374
   0.0126157081       0.0039915276
   0.0127046180       0.0040453149
   0.0127941545       0.0040998082
   0.0128843221       0.0041550163
   0.0129751251       0.0042109481
   0.0130665680       0.0042676128
   0.0131586554       0.0043250196
   0.0132513917       0.0043831777
   0.0133447817       0.0044420965
   0.0134388298       0.0045017855
   0.0135335407       0.0045622545
   0.0136289191       0.0046235130
   0.0137249696       0.0046855709
   0.0138216971       0.0047484382
   0.0139191063       0.0048121250
   0.0140172020       0.0048766414
   0.0141159890       0.0049419977
   0.0142154723       0.0050082044
   0.0143156566       0.0050752719
   0.0144165470       0.0051432110
   0.0145181484       0.0052120323
   0.0146204659       0.0052817469
   0.0147235045       0.0053523657
   0.0148272692       0.0054238998
   0.0149317652       0.0054963606
   0.0150369977       0.0055697594
   0.0151429718       0.0056441077
   0.0152496927       0.0057194172
   0.0153571658       0.0057956997
   0.0154653963       0.0058729671
   0.0155743895       0.0059512313
   0.0156841509       0.0060305047
   0.0157946858       0.0061107995
   0.0159059998       0.0061921282
   0.0160180982       0.0062745032
   0.0161309867       0.0063579375
   0.0162446707       0.0064424437
   0.0163591559       0.0065280350
   0.0164744480       0.0066147244
   0.0165905526       0.0067025253
   0.0167074755       0.0067914510
   0.0168252224       0.0068815152
   0.0169437991       0.0069727315
   0.0170632114       0.0070651139
   0.0171834654       0.0071586764
   0.0173045668       0.0072534330
   0.0174265217       0.0073493982
   0.0175493361       0.0074465864
   0.0176730161       0.0075450122
   0.0177975676       0.0076446905
   0.0179229970       0.0077456360
   0.0180493103       0.0078478641
   0.0181765139       0.0079513898
   0.0183046139       0.0080562286
   0.0184336167       0.0081623961
   0.0185635286       0.0082699080
   0.0186943561       0.0083787802
   0.0188261057       0.0084890288
   0.0189587837       0.0086006700
   0.0190923968       0.0087137202
   0.0192269516       0.0088281960
   0.0193624546       0.0089441140
   0.0194989126       0.0090614913
   0.0196363323       0.0091803449
   0.0197747204       0.0093006919
   0.0199140839       0.0094225500
   0.0200544295       0.0095459366
   0.0201957642       0.0096708695
   0.0203380950       0.0097973667
   0.0204814289       0.0099254464
   0.0206257729       0.0100551268
   0.0207711342       0.0101864264
   0.0209175200       0.0103193640
   0.0210649374       0.0104539583
   0.0212133937       0.0105902284
   0.0213628963       0.0107281936
   0.0215134525       0.0108678733
   0.0216650698       0.0110092871
   0.0218177556       0.0111524547
   0.0219715174       0.0112973962
   0.0221263630       0.0114441318
   0.0222822997       0.0115926818
   0.0224393355       0.0117430668
   0.0225974780       0.0118953075
   0.0227567350       0.0120494249
   0.0229171144       0.0122054402
   0.0230786240       0.0123633747
   0.0232412719       0.0125232500
   0.0234050661       0.0126850877
   0.0235700146       0.0128489100
   0.0237361256       0.0130147388
   0.0239034073       0.0131825966
   0.0240718679       0.0133525059
   0.0242415158       0.0135244894
   0.0244123592       0.0136985702
   0.0245844067       0.0138747714
   0.0247576667       0.0140531164
   0.0249321478       0.0142336288
   0.0251078585       0.0144163323
   0.0252848075       0.0146012510
   0.0254630036       0.0147884091
   0.0256424556       0.0149778310
   0.0258231722       0.0151695413
   0.0260051625       0.0153635648
   0.0261884354       0.0155599268
   0.0263729998       0.0157586523
   0.0265588650       0.0159597669
   0.0267460401       0.0161632962
   0.0269345344       0.0163692663
   0.0271243570       0.0165777032
   0.0273155175       0.0167886332
   0.0275080251       0.0170020829
   0.0277018895       0.0172180791
   0.0278971201       0.0174366488
   0.0280937266       0.0176578192
   0.0282917187       0.0178816177
   0.0284911062       0.0181080719
   0.0286918989       0.0183372097
   0.0288941067       0.0185690591
   0.0290977395       0.0188036485
   0.0293028075       0.0190410064
   0.0295093207       0.0192811614
   0.0297172893       0.0195241425
   0.0299267236       0.0197699790
   0.0301376338       0.0200187001
   0.0303500305       0.0202703354
   0.0305639241       0.0205249148
   0.0307793250       0.0207824683
   0.0309962441       0.0210430261
   0.0312146919       0.0213066186
   0.0314346792       0.0215732766
   0.0316562168       0.0218430309
   0.0318793158       0.0221159126
   0.0321039871       0.0223919531
   0.0323302417       0.0226711838
   0.0325580909       0.0229536365
   0.0327875459       0.0232393431
   0.0330186180       0.0235283358
   0.0332513186       0.0238206470
   0.0334856591       0.0241163091
   0.0337216512       0.0244153550
   0.0339593064       0.0247178177
   0.0341986366       0.0250237303
   0.0344396534       0.0253331263
   0.0346823688       0.0256460392
   0.0349267947       0.0259625027
   0.0351729433       0.0262825510
   0.0354208266       0.0266062181
   0.0356704569       0.0269335385
   0.0359218464       0.0272645467
   0.0361750077       0.0275992774
   0.0364299531       0.0279377657
   0.0366866952       0.0282800466
   0.0369452468       0.0286261554
   0.0372056205       0.0289761277
   0.0374678292       0.0293299991
   0.0377318859       0.0296878055
   0.0379978034       0.0300495829
   0.0382655951       0.0304153676
   0.0385352741       0.0307851957
   0.0388068536       0.0311591040
   0.0390803471       0.0315371291
   0.0393557680       0.0319193079
   0.0396331300       0.0323056773
   0.0399124467       0.0326962745
   0.0401937319       0.0330911369
   0.0404769995       0.0334903019
   0.0407622635       0.0338938070
   0.0410495378       0.0343016901
   0.0413388368       0.0347139890
   0.0416301746       0.0351307417
   0.0419235656       0.0355519863
   0.0422190243       0.0359777611
   0.0425165652       0.0364081045
   0.0428162031       0.0368430548
   0.0431179527       0.0372826508
   0.0434218289       0.0377269310
   0.0437278467       0.0381759343
   0.0440360212       0.0386296995
   0.0443463675       0.0390882656
   0.0446589010       0.0395516717
   0.0449736372       0.0400199568
   0.0452905914       0.0404931601
   0.0456097794       0.0409713209
   0.0459312169       0.0414544785
   0.0462549197       0.0419426722
   0.0465809039       0.0424359415
   0.0469091855       0.0429343257
   0.0472397806       0.0434378644
   0.0475727056       0.0439465970
   0.0479079769       0.0444605631
   0.0482456111       0.0449798021
   0.0485856248       0.0455043536
   0.0489280347       0.0460342571
   0.0492728578       0.0465695521
   0.0496201110       0.0471102780
   0.0499698116       0.0476564743
   0.0503219766       0.0482081805
   0.0506766236       0.0487654358
   0.0510337700       0.0493282797
   0.0513934333       0.0498967512
   0.0517556315       0.0504708896
   0.0521203822       0.0510507340
   0.0524877035       0.0516363233
   0.0528576136       0.0522276964
   0.0532301306       0.0528248922
   0.0536052730       0.0534279491
   0.0539830591       0.0540369058
   0.0543635078       0.0546518006
   0.0547466377       0.0552726717
   0.0551324677       0.0558995571
   0.0555210169       0.0565324948
   0.0559123044       0.0571715223
   0.0563063495       0.0578166771
   0.0567031717       0.0584679965
   0.0571027905       0.0591255176
   0.0575052256       0.0597892770
   0.0579104969       0.0604593113
   0.0583186244       0.0611356569
   0.0587296282       0.0618183496
   0.0591435286       0.0625074251
   0.0595603460       0.0632029189
   0.0599801009       0.0639048661
   0.0604028140       0.0646133013
   0.0608285062       0.0653282589
   0.0612571986       0.0660497729
   0.0616889121       0.0667778771
   0.0621236682       0.0675126046
   0.0625614883       0.0682539882
   0.0630023939       0.0690020605
   0.0634464068       0.0697568532
   0.0638935490       0.0705183981
   0.0643438424       0.0712867260
   0.0647973092       0.0720618675
   0.0652539719       0.0728438527
   0.0657138530       0.0736327110
   0.0661769750       0.0744284715
   0.0666433610       0.0752311625
   0.0671130339       0.0760408118
   0.0675860168       0.0768574466
   0.0680623330       0.0776810936
   0.0685420062       0.0785117786
   0.0690250598       0.0793495271
   0.0695115178       0.0801943636
   0.0700014042       0.0810463120
   0.0704947430       0.0819053956
   0.0709915587       0.0827716369
   0.0714918757       0.0836450575
   0.0719957187       0.0845256784
   0.0725031126       0.0854135197
   0.0730140824       0.0863086007
   0.0735286533       0.0872109400
   0.0740468506       0.0881205550
   0.0745687000       0.0890374626
   0.0750942271       0.0899616784
   0.0756234579       0.0908932175
   0.0761564185       0.0918320936
   0.0766931351       0.0927783197
   0.0772336343       0.0937319077
   0.0777779427       0.0946928685
   0.0783260872       0.0956612119
   0.0788780947       0.0966369467
   0.0794339925       0.0976200804
   0.0799938080       0.0986106197
   0.0805575689       0.0996085699
   0.0811253029       0.1006139352
   0.0816970381       0.1016267184
   0.0822728026       0.1026469214
   0.0828526248       0.1036745446
   0.0834365333       0.1047095872
   0.0840245570       0.1057520470
   0.0846167248       0.1068019206
   0.0852130660       0.1078592032
   0.0858136099       0.1089238885
   0.0864183861       0.1099959687
   0.0870274246       0.1110754348
   0.0876407553       0.1121622763
   0.0882584084       0.1132564808
   0.0888804145       0.1143580348
   0.0895068043       0.1154669231
   0.0901376085       0.1165831287
   0.0907728584       0.1177066333
   0.0914125853       0.1188374167
   0.0920568206       0.1199754570
   0.0927055962       0.1211207307
   0.0933589442       0.1222732126
   0.0940168966       0.1234328755
   0.0946794860       0.1245996906
   0.0953467450       0.1257736271
   0.0960187066       0.1269546524
   0.0966954038       0.1281427320
   0.0973768701       0.1293378294
   0.0980631391       0.1305399062
   0.0987542446       0.1317489220
   0.0994502207       0.1329648342
   0.1001511018       0.1341875984
   0.1008569223       0.1354171679
   0.1015677172       0.1366534940
   0.1022835214       0.1378965256
   0.1030043703       0.1391462098
   0.1037302994       0.1404024910
   0.1044613445       0.1416653118
   0.1051975418       0.1429346122
   0.1059389274       0.1442103299
   0.1066855379       0.1454924004
   0.1074374103       0.1467807567
   0.1081945815       0.1480753292
   0.1089570889       0.1493760463
   0.1097249702       0.1506828333
   0.1104982631       0.1519956136
   0.1112770058       0.1533143076
   0.1120612368       0.1546388333
   0.1128509947       0.1559691060
   0.1136463184       0.1573050383
   0.1144472473       0.1586465403
   0.1152538207       0.1599935193
   0.1160660785       0.1613458797
   0.1168840608       0.1627035233
   0.1177078078       0.1640663489
   0.1185373602       0.1654342527
   0.1193727589       0.1668071277
   0.1202140452       0.1681848644
   0.1210612604       0.1695673499
   0.1219144465       0.1709544686
   0.1227736455       0.1723461019
   0.1236388997       0.1737421280
   0.1245102518       0.1751424222
   0.1253877448       0.1765468566
   0.1262714220       0.1779553002
   0.1271613270       0.1793676188
   0.1280575036       0.1807836751
   0.1289599961       0.1822033284
   0.1298688489       0.1836264350
   0.1307841070       0.1850528479
   0.1317058154       0.1864824164
   0.1326340195       0.1879149871
   0.1335687653       0.1893504027
   0.1345100987       0.1907885027
   0.1354580662       0.1922291234
   0.1364127145       0.1936720974
   0.1373740909       0.1951172538
   0.1383422425       0.1965644184
   0.1393172173       0.1980134135
   0.1402990632       0.1994640576
   0.1412878288       0.2009161660
   0.1422835627       0.2023695501
   0.1432863142       0.2038240179
   0.1442961326       0.2052793737
   0.1453130677       0.2067354180
   0.1463371697       0.2081919481
   0.1473684892       0.2096487570
   0.1484070769       0.2111056344
   0.1494529842       0.2125623663
   0.1505062625       0.2140187347
   0.1515669639       0.2154745179
   0.1526351406       0.2169294907
   0.1537108454       0.2183834239
   0.1547941313       0.2198360844
   0.1558850516       0.2212872355
   0.1569836603       0.2227366365
   0.1580900116       0.2241840430
   0.1592041598       0.2256292067
   0.1603261601       0.2270718755
   0.1614560678       0.2285117933
   0.1625939385       0.2299487002
   0.1637398285       0.2313823325
   0.1648937942       0.2328124226
   0.1660558925       0.2342386989
   0.1672261808       0.2356608860
   0.1684047167       0.2370787046
   0.1695915585       0.2384918715
   0.1707867645       0.2399000997
   0.1719903939       0.2413030982
   0.1732025059       0.2427005723
   0.1744231603       0.2440922231
   0.1756524174       0.2454777481
   0.1768903377       0.2468568410
   0.1781369824       0.2482291914
   0.1793924128       0.2495944853
   0.1806566910       0.2509524047
   0.1819298792       0.2523026279
   0.1832120403       0.2536448294
   0.1845032375       0.2549786798
   0.1858035345       0.2563038463
   0.1871129953       0.2576199919
   0.1884316847       0.2589267761
   0.1897596677       0.2602238549
   0.1910970096       0.2615108804
   0.1924437766       0.2627875011
   0.1938000350       0.2640533620
   0.1951658517       0.2653081045
   0.1965412940       0.2665513663
   0.1979264299       0.2677827818
   0.1993213276       0.2690019820
   0.2007260559       0.2702085943
   0.2021406841       0.2714022427
   0.2035652819       0.2725825481
   0.2049999198       0.2737491278
   0.2064446683       0.2749015962
   0.2078995987       0.2760395643
   0.2093647829       0.2771626399
   0.2108402930       0.2782704278
   0.2123262019       0.2793625300
   0.2138225827       0.2804385451
   0.2153295095       0.2814980691
   0.2168470563       0.2825406950
   0.2183752982       0.2835660131
   0.2199143104       0.2845736111
   0.2214641689       0.2855630737
   0.2230249502       0.2865339835
   0.2245967311       0.2874859201
   0.2261795892       0.2884184610
   0.2277736027       0.2893311814
   0.2293788500       0.2902236539
   0.2309954104       0.2910954493
   0.2326233636       0.2919461360
   0.2342627898       0.2927752806
   0.2359137701       0.2935824475
   0.2375763857       0.2943671997
   0.2392507187       0.2951290980
   0.2409368516       0.2958677019
   0.2426348677       0.2965825690
   0.2443448506       0.2972732559
   0.2460668847       0.2979393173
   0.2478010550       0.2985803072
   0.2495474469       0.2991957781
   0.2513061466       0.2997852816
   0.2530772408       0.3003483682
   0.2548608170       0.3008845879
   0.2566569630       0.3013934897
   0.2584657674       0.3018746222
   0.2602873195       0.3023275333
   0.2621217091       0.3027517709
   0.2639690266       0.3031468823
   0.2658293632       0.3035124149
   0.2677028107       0.3038479161
   0.2695894613       0.3041529333
   0.2714894083       0.3044270143
   0.2734027452       0.3046697071
   0.2753295665       0.3048805606
   0.2772699671       0.3050591239
   0.2792240429       0.3052049471
   0.2811918901       0.3053175813
   0.2831736058       0.3053965785
   0.2851692877       0.3054414919
   0.2871790344       0.3054518761
   0.2892029448       0.3054272872
   0.2912411189       0.3053672828
   0.2932936571       0.3052714223
   0.2953606607       0.3051392670
   0.2974422317       0.3049703801
   0.2995384726       0.3047643273
   0.3016494869       0.3045206763
   0.3037753786       0.3042389975
   0.3059162528       0.3039188638
   0.3080722148       0.3035598509
   0.3102433711       0.3031615374
   0.3124298288       0.3027235050
   0.3146316957       0.3022453388
   0.3168490803       0.3017266269
   0.3190820921       0.3011669612
   0.3213308411       0.3005659373
   0.3235954384       0.2999231544
   0.3258759955       0.2992382160
   0.3281726249       0.2985107295
   0.3304854400       0.2977403066
   0.3328145548       0.2969265637
   0.3351600842       0.2960691216
   0.3375221438       0.2951676060
   0.3399008501       0.2942216472
   0.3422963206       0.2932308811
   0.3447086732       0.2921949483
   0.3471380270       0.2911134953
   0.3495845019       0.2899861738
   0.3520482184       0.2888126412
   0.3545292981       0.2875925611
   0.3570278633       0.2863256026
   0.3595440373       0.2850114416
   0.3620779442       0.2836497597
   0.3646297089       0.2822402455
   0.3671994574       0.2807825940
   0.3697873163       0.2792765069
   0.3723934133       0.2777216932
   0.3750178769       0.2761178687
   0.3776608365       0.2744647567
   0.3803224226       0.2727620876
   0.3830027663       0.2710095997
   0.3857019999       0.2692070390
   0.3884202565       0.2673541591
   0.3911576702       0.2654507220
   0.3939143760       0.2634964977
   0.3966905098       0.2614912646
   0.3994862085       0.2594348095
   0.4023016101       0.2573269279
   0.4051368534       0.2551674242
   0.4079920782       0.2529561115
   0.4108674254       0.2506928123
   0.4137630368       0.2483773581
   0.4166790552       0.2460095899
   0.4196156243       0.2435893582
   0.4225728891       0.2411165232
   0.4255509954       0.2385909549
   0.4285500901       0.2360125333
   0.4315703210       0.2333811484
   0.4346118372       0.2306967006
   0.4376747886       0.2279591007
   0.4407593264       0.2251682699
   0.4438656026       0.2223241402
   0.4469937705       0.2194266543
   0.4501439843       0.2164757658
   0.4533163995       0.2134714397
   0.4565111724       0.2104136518
   0.4597284606       0.2073023896
   0.4629684229       0.2041376517
   0.4662312190       0.2009194488
   0.4695170098       0.1976478028
   0.4728259574       0.1943227479
   0.4761582251       0.1909443300
   0.4795139770       0.1875126073
   0.4828933788       0.1840276501
   0.4862965972       0.1804895411
   0.4897237999       0.1768983755
   0.4931751560       0.1732542611
   0.4966508357       0.1695573183
   0.5001510105       0.1658076804
   0.5036758530       0.1620054936
   0.5072255370       0.1581509170
   0.5108002376       0.1542441232
   0.5144001311       0.1502852975
   0.5180253951       0.1462746390
   0.5216762083       0.1422123601
   0.5253527508       0.1380986865
   0.5290552039       0.1339338579
   0.5327837503       0.1297181274
   0.5365385739       0.1254517620
   0.5403198598       0.1211350426
   0.5441277945       0.1167682640
   0.5479625658       0.1123517351
   0.5518243629       0.1078857788
   0.5557133763       0.1033707323
   0.5596297976       0.0988069468
   0.5635738202       0.0941947882
   0.5675456385       0.0895346362
   0.5715454484       0.0848268854
   0.5755734472       0.0800719446
   0.5796298336       0.0752702371
   0.5837148076       0.0704222008
   0.5878285706       0.0655282880
   0.5919713256       0.0605889658
   0.5961432770       0.0556047158
   0.6003446303       0.0505760342
   0.6045755930       0.0455034319
   0.6088363736       0.0403874342
   0.6131271823       0.0352285812
   0.6174482307       0.0300274277
   0.6217997320       0.0247845430
   0.6261819007       0.0195005112
   0.6305949530       0.0141759311
   0.6350391065       0.0088114159
   0.6395145804       0.0034075935
   0.6440215955      -0.0020348939
   0.6485603741      -0.0075153894
   0.6531311399      -0.0130332218
   0.6577341185      -0.0185877058
   0.6623695368      -0.0241781417
   0.6670376235      -0.0298038155
   0.6717386088      -0.0354639996
   0.6764727245      -0.0411579520
   0.6812402042      -0.0468849171
   0.6860412830      -0.0526441255
   0.6908761977      -0.0584347938
   0.6957451867      -0.0642561253
   0.7006484901      -0.0701073095
   0.7055863499      -0.0759875230
   0.7105590095      -0.0818959288
   0.7155667142      -0.0878316772
   0.7206097110      -0.0937939054
   0.7256882486      -0.0997817380
   0.7308025775      -0.1057942870
   0.7359529499      -0.1118306519
   0.7411396199      -0.1178899201
   0.7463628432      -0.1239711670
   0.7516228774      -0.1300734559
   0.7569199821      -0.1361958386
   0.7622544184      -0.1423373555
   0.7676264494      -0.1484970356
   0.7730363401      -0.1546738969
   0.7784843574      -0.1608669463
   0.7839707698      -0.1670751805
   0.7894958480      -0.1732975852
   0.7950598646      -0.1795331364
   0.8006630938      -0.1857807997
   0.8063058122      -0.1920395311
   0.8119882979      -0.1983082770
   0.8177108312      -0.2045859744
   0.8234736945      -0.2108715513
   0.8292771718      -0.2171639265
   0.8351215495      -0.2234620104
   0.8410071157      -0.2297647050
   0.8469341608      -0.2360709038
   0.8529029771      -0.2423794924
   0.8589138590      -0.2486893486
   0.8649671029      -0.2549993427
   0.8710630074      -0.2613083376
   0.8772018731      -0.2676151889
   0.8833840028      -0.2739187454
   0.8896097014      -0.2802178493
   0.8958792759      -0.2865113360
   0.9021930357      -0.2927980349
   0.9085512920      -0.2990767690
   0.9149543585      -0.3053463555
   0.9214025510      -0.3116056062
   0.9278961875      -0.3178533269
   0.9344355882      -0.3240883186
   0.9410210758      -0.3303093768
   0.9476529749      -0.3365152924
   0.9543316127      -0.3427048516
   0.9610573186      -0.3488768360
   0.9678304243      -0.3550300229
   0.9746512639      -0.3611631850
   0.9815201736      -0.3672750908
   0.9884374925      -0.3733645058
   0.9954035615      -0.3794301917
   1.0024187242      -0.3854709071
   1.0094833268      -0.3914854080
   1.0165977175      -0.3974724473
   1.0237622473      -0.4034307759
   1.0309772695      -0.4093591424
   1.0382431400      -0.4152562936
   1.0455602171      -0.4211209750
   1.0529288617      -0.4269519305
   1.0603494373      -0.4327479036
   1.0678223098      -0.4385076368
   1.0753478478      -0.4442298727
   1.0829264224      -0.4499133540
   1.0905584075      -0.4555568241
   1.0982441794      -0.4611590271
   1.1059841173      -0.4667187086
   1.1137786027      -0.4722346162
   1.1216280203      -0.4777054995
   1.1295327571      -0.4831301110
   1.1374932029      -0.4885072063
   1.1455097505      -0.4938355447
   1.1535827951      -0.4991138897
   1.1617127349      -0.5043410095
   1.1698999710      -0.5095156776
   1.1781449070      -0.5146366733
   1.1864479498      -0.5197027822
   1.1948095086      -0.5247127969
   1.2032299961      -0.5296655173
   1.2117098274      -0.5345597518
   1.2202494208      -0.5393943170
   1.2288491974      -0.5441680392
   1.2375095815      -0.5488797544
   1.2462310001      -0.5535283092
   1.2550138834      -0.5581125614
   1.2638586646      -0.5626313805
   1.2727657798      -0.5670836485
   1.2817356685      -0.5714682605
   1.2907687730      -0.5757841252
   1.2998655387      -0.5800301657
   1.3090264145      -0.5842053200
   1.3182518520      -0.5883085417
   1.3275423063      -0.5923388007
   1.3368982356      -0.5962950838
   1.3463201014      -0.6001763951
   1.3558083683      -0.6039817569
   1.3653635043      -0.6077102102
   1.3749859806      -0.6113608154
   1.3846762719      -0.6149326526
   1.3944348561      -0.6184248224
   1.4042622144      -0.6218364467
   1.4141588316      -0.6251666687
   1.4241251958      -0.6284146540
   1.4341617985      -0.6315795907
   1.4442691347      -0.6346606903
   1.4544477029      -0.6376571880
   1.4646980052      -0.6405683430
   1.4750205470      -0.6433934397
   1.4854158376      -0.6461317872
   1.4958843895      -0.6487827205
   1.5064267192      -0.6513456005
   1.5170433465      -0.6538198148
   1.5277347951      -0.6562047777
   1.5385015923      -0.6584999308
   1.5493442691      -0.6607047434
   1.5602633603      -0.6628187125
   1.5712594043      -0.6648413637
   1.5823329437      -0.6667722511
   1.5934845244      -0.6686109576
   1.6047146965      -0.6703570953
   1.6160240139      -0.6720103056
   1.6274130343      -0.6735702597
   1.6388823195      -0.6750366583
   1.6504324351      -0.6764092325
   1.6620639509      -0.6776877433
   1.6737774404      -0.6788719819
   1.6855734813      -0.6799617704
   1.6974526556      -0.6809569608
   1.7094155489      -0.6818574362
   1.7214627515      -0.6826631103
   1.7335948574      -0.6833739272
   1.7458124650      -0.6839898622
   1.7581161768      -0.6845109209
   1.7705065998      -0.6849371400
   1.7829843450      -0.6852685865
   1.7955500278      -0.6855053585
   1.8082042679      -0.6856475841
   1.8209476896      -0.6856954224
   1.8337809212      -0.6856490624
   1.8467045957      -0.6855087236
   1.8597193505      -0.6852746553
   1.8728258276      -0.6849471370
   1.8860246733      -0.6845264776
   1.8993165386      -0.6840130158
   1.9127020791      -0.6834071194
   1.9261819550      -0.6827091852
   1.9397568310      -0.6819196390
   1.9534273767      -0.6810389351
   1.9671942664      -0.6800675559
   1.9810581790      -0.6790060120
   1.9950197983      -0.6778548415
   2.0090798130      -0.6766146099
   2.0232389163      -0.6752859097
   2.0374978068      -0.6738693601
   2.0518571875      -0.6723656067
   2.0663177669      -0.6707753208
   2.0808802579      -0.6690991994
   2.0955453790      -0.6673379648
   2.1103138533      -0.6654923638
   2.1251864093      -0.6635631677
   2.1401637804      -0.6615511719
   2.1552467054      -0.6594571950
   2.1704359282      -0.6572820789
   2.1857321979      -0.6550266881
   2.2011362689      -0.6526919091
   2.2166489010      -0.6502786505
   2.2322708592      -0.6477878418
   2.2480029141      -0.6452204335
   2.2638458415      -0.6425773963
   2.2798004228      -0.6398597208
   2.2958674449      -0.6370684168
   2.3120477003      -0.6342045133
   2.3283419870      -0.6312690573
   2.3447511085      -0.6282631137
   2.3612758743      -0.6251877651
   2.3779170993      -0.6220441105
   2.3946756042      -0.6188332656
   2.4115522157      -0.6155563616
   2.4285477660      -0.6122145455
   2.4456630934      -0.6088089786
   2.4628990421      -0.6053408367
   2.4802564621      -0.6018113096
   2.4977362095      -0.5982216000
   2.5153391464      -0.5945729235
   2.5330661410      -0.5908665079
   2.5509180675      -0.5871035928
   2.5688958066      -0.5832854288
   2.5870002447      -0.5794132773
   2.6052322750      -0.5754884097
   2.6235927964      -0.5715121072
   2.6420827147      -0.5674856599
   2.6607029418      -0.5634103665
   2.6794543959      -0.5592875341
   2.6983380020      -0.5551184768
   2.7173546913      -0.5509045161
   2.7365054018      -0.5466469799
   2.7557910781      -0.5423472022
   2.7752126712      -0.5380065222
   2.7947711392      -0.5336262843
   2.8144674465      -0.5292078374
   2.8343025646      -0.5247525342
   2.8542774719      -0.5202617309
   2.8743931535      -0.5157367866
   2.8946506014      -0.5111790630
   2.9150508149      -0.5065899227
   2.9355948000      -0.5019707315
   2.9562835700      -0.4973228551
   2.9771181453      -0.4926476598
   2.9980995535      -0.4879465118
   3.0192288293      -0.4832207767
   3.0405070148      -0.4784718191
   3.0619351596      -0.4737010020
   3.0835143204      -0.4689096865
   3.1052455616      -0.4640992309
   3.1271299550      -0.4592709907
   3.1491685798      -0.4544263179
   3.1713625231      -0.4495665606
   3.1937128794      -0.4446930621
   3.2162207512      -0.4398071612
   3.2388872484      -0.4349101911
   3.2617134891      -0.4300034790
   3.2847005990      -0.4250883461
   3.3078497118      -0.4201661064
   3.3311619693      -0.4152380670
   3.3546385213      -0.4103055270
   3.3782805256      -0.4053697774
   3.4020891482      -0.4004321006
   3.4260655635      -0.3954937698
   3.4502109539      -0.3905560488
   3.4745265103      -0.3856201912
   3.4990134320      -0.3806874404
   3.5236729266      -0.3757590288
   3.5485062104      -0.3708361775
   3.5735145082      -0.3659200959
   3.5986990533      -0.3610119813
   3.6240610880      -0.3561130182
   3.6496018630      -0.3512243784
   3.6753226381      -0.3463472201
   3.7012246818      -0.3414826877
   3.7273092717      -0.3366319115
   3.7535776941      -0.3317960072
   3.7800312447      -0.3269760752
   3.8066712282      -0.3221732009
   3.8334989585      -0.3173884538
   3.8605157588      -0.3126228872
   3.8877229615      -0.3078775380
   3.9151219084      -0.3031534263
   3.9427139510      -0.2984515548
   3.9705004501      -0.2937729089
   3.9984827761      -0.2891184561
   4.0266623091      -0.2844891455
   4.0550404390      -0.2798859080
   4.0836185653      -0.2753096555
   4.1123980976      -0.2707612808
   4.1413804553      -0.2662416573
   4.1705670677      -0.2617516388
   4.1999593745      -0.2572920592
   4.2295588252      -0.2528637320
   4.2593668797      -0.2484674504
   4.2893850082      -0.2441039869
   4.3196146911      -0.2397740931
   4.3500574194      -0.2354784994
   4.3807146945      -0.2312179151
   4.4115880286      -0.2269930277
   4.4426789442      -0.2228045032
   4.4739889747      -0.2186529858
   4.5055196645      -0.2145390974
   4.5372725686      -0.2104634381
   4.5692492531      -0.2064265856
   4.6014512951      -0.2024290951
   4.6338802827      -0.1984714996
   4.6665378155      -0.1945543093
   4.6994255042      -0.1906780118
   4.7325449706      -0.1868430721
   4.7658978484      -0.1830499325
   4.7994857824      -0.1792990124
   4.8333104293      -0.1755907085
   4.8673734573      -0.1719253947
   4.9016765464      -0.1683034222
   4.9362213885      -0.1647251195
   4.9710096873      -0.1611907923
   5.0060431586      -0.1577007237
   5.0413235303      -0.1542551744
   5.0768525424      -0.1508543824
   5.1126319472      -0.1474985635
   5.1486635093      -0.1441879112
   5.1849490060      -0.1409225970
   5.2214902267      -0.1377027702
   5.2582889737      -0.1345285586
   5.2953470620      -0.1314000681
   5.3326663193      -0.1283173834
   5.3702485861      -0.1252805677
   5.4080957161      -0.1222896633
   5.4462095758      -0.1193446918
   5.4845920452      -0.1164456542
   5.5232450171      -0.1135925311
   5.5621703981      -0.1107852831
   5.6013701079      -0.1080238511
   5.6408460798      -0.1053081565
   5.6806002609      -0.1026381016
   5.7206346118      -0.1000135698
   5.7609511070      -0.0974344260
   5.8015517351      -0.0949005169
   5.8424384983      -0.0924116715
   5.8836134134      -0.0899677010
   5.9250785109      -0.0875683998
   5.9668358361      -0.0852135455
   6.0088874484      -0.0829028992
   6.0512354218      -0.0806362062
   6.0938818449      -0.0784131961
   6.1368288211      -0.0762335834
   6.1800784686      -0.0740970679
   6.2236329203      -0.0720033349
   6.2674943246      -0.0699520560
   6.3116648445      -0.0679428898
   6.3561466587      -0.0659754748
   6.4009419610      -0.0640494847
   6.4460529607      -0.0621644261
   6.4914818827      -0.0603200872
   6.5372309676      -0.0585162827
   6.5833024717      -0.0567526361
   6.6296986674      -0.0550287064
   6.6764218429      -0.0533440436
   6.7234743026      -0.0516981897
   6.7708583672      -0.0500906786
   6.8185763737      -0.0485210366
   6.8666306755      -0.0469887831
   6.9150236426      -0.0454934310
   6.9637576620      -0.0440344866
   7.0128351371      -0.0426114510
   7.0622584885      -0.0412238195
   7.1120301538      -0.0398710829
   7.1621525876      -0.0385527271
   7.2126282622      -0.0372682342
   7.2634596669      -0.0360170827
   7.3146493088      -0.0347987478
   7.3661997126      -0.0336127018
   7.4181134208      -0.0324584146
   7.4703929937      -0.0313353541
   7.5230410099      -0.0302429866
   7.5760600660      -0.0291807772
   7.6294527768      -0.0281481899
   7.6832217759      -0.0271446885
   7.7373697149      -0.0261697364
   7.7918992646      -0.0252227974
   7.8468131144      -0.0243033358
   7.9021139727      -0.0234108170
   7.9578045668      -0.0225447074
   8.0138876436      -0.0217044751
   8.0703659690      -0.0208895902
   8.1272423286      -0.0200995248
   8.1845195276      -0.0193337539
   8.2422003908      -0.0185917550
   8.3002877632      -0.0178730087
   8.3587845097      -0.0171769992
   8.4176935152      -0.0165032143
   8.4770176853      -0.0158511454
   8.5367599458      -0.0152202886
   8.5969232433      -0.0146101439
   8.6575105450      -0.0140202162
   8.7185248391      -0.0134500152
   8.7799691350      -0.0128990555
   8.8418464629      -0.0123668572
   8.9041598748      -0.0118529456
   8.9669124441      -0.0113568519
   9.0301072655      -0.0108781129
   9.0937474561      -0.0104162713
   9.1578361545      -0.0099708761
   9.2223765216      -0.0095414824
   9.2873717406      -0.0091276518
   9.3528250170      -0.0087289524
   9.4187395792      -0.0083449587
   9.4851186779      -0.0079752522
   9.5519655870      -0.0076194210
   9.6192836036      -0.0072770604
   9.6870760476      -0.0069477723
   9.7553462627      -0.0066311660
   9.8240976161      -0.0063268576
   9.8933334984      -0.0060344705
   9.9630573246      -0.0057536355
  10.0332725333      -0.0054839902
  10.1039825877      -0.0052251798
  10.1751909752      -0.0049768567
  10.2469012078      -0.0047386806
  10.3191168223      -0.0045103184
  10.3918413805      -0.0042914444
  10.4650784691      -0.0040817401
  10.5388317001      -0.0038808943
  10.6131047113      -0.0036886032
  10.6879011657      -0.0035045699
  10.7632247523      -0.0033285049
  10.8390791862      -0.0031601258
  10.9154682084      -0.0029991572
  10.9923955866      -0.0028453308
  11.0698651148      -0.0026983854
  11.1478806140      -0.0025580663
  11.2264459317      -0.0024241262
  11.3055649429      -0.0022963242
  11.3852415499      -0.0021744262
  11.4654796822      -0.0020582047
  11.5462832973      -0.0019474388
  11.6276563805      -0.0018419139
  11.7096029450      -0.0017414220
  11.7921270326      -0.0016457611
  11.8752327133      -0.0015547355
  11.9589240860      -0.0014681555
  12.0432052784      -0.0013858376
  12.1280804472      -0.0013076037
  12.2135537786      -0.0012332820
  12.2996294881      -0.0011627059
  12.3863118210      -0.0010957145
  12.4736050526      -0.0010321525
  12.5615134881      -0.0009718697
  12.6500414633      -0.0009147210
  12.7391933444      -0.0008605668
  12.8289735284      -0.0008092721
  12.9193864434      -0.0007607070
  13.0104365484      -0.0007147461
  13.1021283342      -0.0006712688
  13.1944663231      -0.0006301592
  13.2874550691      -0.0005913053
  13.3810991585      -0.0005546000
  13.4754032100      -0.0005199398
  13.5703718746      -0.0004872257
  13.6660098362      -0.0004563624
  13.7623218117      -0.0004272585
  13.8593125514      -0.0003998264
  13.9569868387      -0.0003739821
  14.0553494911      -0.0003496449
  14.1544053598      -0.0003267379
  14.2541593304      -0.0003051871
  14.3546163227      -0.0002849218
  14.4557812913      -0.0002658747
  14.5576592257      -0.0002479810
  14.6602551507      -0.0002311790
  14.7635741262      -0.0002154100
  14.8676212480      -0.0002006176
  14.9724016477      -0.0001867482
  15.0779204933      -0.0001737508
  15.1841829889      -0.0001615767
  15.2911943754      -0.0001501794
  15.3989599307      -0.0001395148
  15.5074849698      -0.0001295409
  15.6167748453      -0.0001202179
  15.7268349473      -0.0001115077
  15.8376707041      -0.0001033743
  15.9492875822      -0.0000957836
  16.0616910865      -0.0000887030
  16.1748867609      -0.0000821019
  16.2888801881      -0.0000759510
  16.4036769905      -0.0000702228
  16.5192828298      -0.0000648911
  16.6357034078      -0.0000599313
  16.7529444663      -0.0000553198
  16.8710117879      -0.0000510346
  16.9899111956      -0.0000470549
  17.1096485535      -0.0000433610
  17.2302297673      -0.0000399343
  17.3516607839      -0.0000367573
  17.4739475925      -0.0000338135
  17.5970962243      -0.0000310873
  17.7211127530      -0.0000285642
  17.8460032952      -0.0000262303
  17.9717740105      -0.0000240728
  18.0984311020      -0.0000220796
  18.2259808166      -0.0000202392
  18.3544294450      -0.0000185409
  18.4837833223      -0.0000169747
  18.6140488283      -0.0000155313
  18.7452323879      -0.0000142018
  18.8773404710      -0.0000129780
  19.0103795933      -0.0000118522
  19.1443563163      -0.0000108172
  19.2792772478      -0.0000098663
  19.4151490422      -0.0000089932
  19.5519784008      -0.0000081921
  19.6897720720      -0.0000074574
  19.8285368518      -0.0000067842
  19.9682795843      -0.0000061677
  20.1090071615      -0.0000056035
  20.2507265243      -0.0000050875
  20.3934446623      -0.0000046159
  20.5371686144      -0.0000041852
  20.6819054692      -0.0000037920
  20.8276623652      -0.0000034334
  20.9744464911      -0.0000031066
  21.1222650864      -0.0000028089
  21.2711254416      -0.0000025380
  21.4210348985      -0.0000022916
  21.5720008508      -0.0000020676
  21.7240307442      -0.0000018641
  21.8771320769      -0.0000016795
  22.0313123998      -0.0000015121
  22.1865793172      -0.0000013603
  22.3429404870      -0.0000012229
  22.5004036210      -0.0000010985
  22.6589764853      -0.0000009861
  22.8186669008      -0.0000008844
  22.9794827435      -0.0000007927
  23.1414319450      -0.0000007099
  23.3045224925      -0.0000006353
  23.4687624300      -0.0000005681
  23.6341598576      -0.0000005076
  23.8007229330      -0.0000004532
  23.9684598710      -0.0000004043
  24.1373789446      -0.0000003603
  24.3074884848      -0.0000003209
  24.4787968817      -0.0000002856
  24.6513125841      -0.0000002539
  24.8250441007      -0.0000002256
  25.0000000000      -0.0000002003
