   0.0000200000       0.0000000011
   0.0000201410       0.0000000011
   0.0000202829       0.0000000011
   0.0000204258       0.0000000011
   0.0000205698       0.0000000012
   0.0000207148       0.0000000012
   0.0000208607       0.0000000012
   0.0000210078       0.0000000012
   0.0000211558       0.0000000012
   0.0000213049       0.0000000013
   0.0000214551       0.0000000013
   0.0000216063       0.0000000013
   0.0000217585       0.0000000013
   0.0000219119       0.0000000013
   0.0000220663       0.0000000013
   0.0000222218       0.0000000014
   0.0000223784       0.0000000014
   0.0000225361       0.0000000014
   0.0000226950       0.0000000014
   0.0000228549       0.0000000014
   0.0000230160       0.0000000015
   0.0000231782       0.0000000015
   0.0000233415       0.0000000015
   0.0000235060       0.0000000015
   0.0000236717       0.0000000015
   0.0000238385       0.0000000016
   0.0000240065       0.0000000016
   0.0000241757       0.0000000016
   0.0000243461       0.0000000016
   0.0000245177       0.0000000017
   0.0000246905       0.0000000017
   0.0000248645       0.0000000017
   0.0000250397       0.0000000017
   0.0000252162       0.0000000018
   0.0000253939       0.0000000018
   0.0000255729       0.0000000018
   0.0000257531       0.0000000018
   0.0000259346       0.0000000019
   0.0000261174       0.0000000019
   0.0000263014       0.0000000019
   0.0000264868       0.0000000019
   0.0000266734       0.0000000020
   0.0000268614       0.0000000020
   0.0000270507       0.0000000020
   0.0000272414       0.0000000020
   0.0000274334       0.0000000021
   0.0000276267       0.0000000021
   0.0000278214       0.0000000021
   0.0000280175       0.0000000022
   0.0000282149       0.0000000022
   0.0000284138       0.0000000022
   0.0000286140       0.0000000023
   0.0000288157       0.0000000023
   0.0000290188       0.0000000023
   0.0000292233       0.0000000024
   0.0000294292       0.0000000024
   0.0000296366       0.0000000024
   0.0000298455       0.0000000025
   0.0000300558       0.0000000025
   0.0000302677       0.0000000025
   0.0000304810       0.0000000026
   0.0000306958       0.0000000026
   0.0000309121       0.0000000026
   0.0000311300       0.0000000027
   0.0000313494       0.0000000027
   0.0000315703       0.0000000027
   0.0000317928       0.0000000028
   0.0000320169       0.0000000028
   0.0000322425       0.0000000029
   0.0000324697       0.0000000029
   0.0000326986       0.0000000029
   0.0000329290       0.0000000030
   0.0000331611       0.0000000030
   0.0000333948       0.0000000031
   0.0000336301       0.0000000031
   0.0000338671       0.0000000032
   0.0000341058       0.0000000032
   0.0000343462       0.0000000032
   0.0000345882       0.0000000033
   0.0000348320       0.0000000033
   0.0000350775       0.0000000034
   0.0000353247       0.0000000034
   0.0000355736       0.0000000035
   0.0000358244       0.0000000035
   0.0000360768       0.0000000036
   0.0000363311       0.0000000036
   0.0000365871       0.0000000037
   0.0000368450       0.0000000037
   0.0000371046       0.0000000038
   0.0000373661       0.0000000038
   0.0000376295       0.0000000039
   0.0000378947       0.0000000040
   0.0000381617       0.0000000040
   0.0000384307       0.0000000041
   0.0000387015       0.0000000041
   0.0000389743       0.0000000042
   0.0000392490       0.0000000042
   0.0000395256       0.0000000043
   0.0000398041       0.0000000044
   0.0000400846       0.0000000044
   0.0000403671       0.0000000045
   0.0000406516       0.0000000046
   0.0000409381       0.0000000046
   0.0000412266       0.0000000047
   0.0000415172       0.0000000047
   0.0000418098       0.0000000048
   0.0000421044       0.0000000049
   0.0000424012       0.0000000050
   0.0000427000       0.0000000050
   0.0000430009       0.0000000051
   0.0000433040       0.0000000052
   0.0000436092       0.0000000052
   0.0000439165       0.0000000053
   0.0000442260       0.0000000054
   0.0000445377       0.0000000055
   0.0000448516       0.0000000055
   0.0000451677       0.0000000056
   0.0000454860       0.0000000057
   0.0000458066       0.0000000058
   0.0000461294       0.0000000059
   0.0000464545       0.0000000059
   0.0000467819       0.0000000060
   0.0000471116       0.0000000061
   0.0000474436       0.0000000062
   0.0000477780       0.0000000063
   0.0000481147       0.0000000064
   0.0000484538       0.0000000065
   0.0000487952       0.0000000066
   0.0000491391       0.0000000066
   0.0000494854       0.0000000067
   0.0000498342       0.0000000068
   0.0000501854       0.0000000069
   0.0000505391       0.0000000070
   0.0000508953       0.0000000071
   0.0000512539       0.0000000072
   0.0000516152       0.0000000073
   0.0000519789       0.0000000074
   0.0000523452       0.0000000075
   0.0000527142       0.0000000077
   0.0000530857       0.0000000078
   0.0000534598       0.0000000079
   0.0000538365       0.0000000080
   0.0000542160       0.0000000081
   0.0000545981       0.0000000082
   0.0000549828       0.0000000083
   0.0000553703       0.0000000084
   0.0000557606       0.0000000086
   0.0000561535       0.0000000087
   0.0000565493       0.0000000088
   0.0000569478       0.0000000089
   0.0000573492       0.0000000091
   0.0000577533       0.0000000092
   0.0000581603       0.0000000093
   0.0000585702       0.0000000094
   0.0000589830       0.0000000096
   0.0000593987       0.0000000097
   0.0000598173       0.0000000099
   0.0000602389       0.0000000100
   0.0000606634       0.0000000101
   0.0000610909       0.0000000103
   0.0000615215       0.0000000104
   0.0000619551       0.0000000106
   0.0000623917       0.0000000107
   0.0000628314       0.0000000109
   0.0000632742       0.0000000110
   0.0000637201       0.0000000112
   0.0000641692       0.0000000113
   0.0000646214       0.0000000115
   0.0000650769       0.0000000117
   0.0000655355       0.0000000118
   0.0000659974       0.0000000120
   0.0000664625       0.0000000122
   0.0000669309       0.0000000123
   0.0000674026       0.0000000125
   0.0000678776       0.0000000127
   0.0000683560       0.0000000129
   0.0000688377       0.0000000130
   0.0000693229       0.0000000132
   0.0000698114       0.0000000134
   0.0000703034       0.0000000136
   0.0000707989       0.0000000138
   0.0000712978       0.0000000140
   0.0000718003       0.0000000142
   0.0000723063       0.0000000144
   0.0000728159       0.0000000146
   0.0000733291       0.0000000148
   0.0000738459       0.0000000150
   0.0000743663       0.0000000152
   0.0000748904       0.0000000154
   0.0000754182       0.0000000157
   0.0000759497       0.0000000159
   0.0000764850       0.0000000161
   0.0000770240       0.0000000163
   0.0000775668       0.0000000166
   0.0000781135       0.0000000168
   0.0000786640       0.0000000170
   0.0000792184       0.0000000173
   0.0000797767       0.0000000175
   0.0000803389       0.0000000178
   0.0000809051       0.0000000180
   0.0000814753       0.0000000183
   0.0000820495       0.0000000185
   0.0000826278       0.0000000188
   0.0000832101       0.0000000191
   0.0000837965       0.0000000193
   0.0000843871       0.0000000196
   0.0000849818       0.0000000199
   0.0000855807       0.0000000202
   0.0000861838       0.0000000204
   0.0000867912       0.0000000207
   0.0000874029       0.0000000210
   0.0000880189       0.0000000213
   0.0000886392       0.0000000216
   0.0000892639       0.0000000219
   0.0000898930       0.0000000222
   0.0000905265       0.0000000226
   0.0000911645       0.0000000229
   0.0000918070       0.0000000232
   0.0000924540       0.0000000235
   0.0000931056       0.0000000239
   0.0000937617       0.0000000242
   0.0000944225       0.0000000245
   0.0000950880       0.0000000249
   0.0000957581       0.0000000252
   0.0000964330       0.0000000256
   0.0000971126       0.0000000260
   0.0000977970       0.0000000263
   0.0000984862       0.0000000267
   0.0000991803       0.0000000271
   0.0000998793       0.0000000275
   0.0001005832       0.0000000278
   0.0001012921       0.0000000282
   0.0001020059       0.0000000286
   0.0001027248       0.0000000290
   0.0001034488       0.0000000295
   0.0001041778       0.0000000299
   0.0001049120       0.0000000303
   0.0001056514       0.0000000307
   0.0001063960       0.0000000312
   0.0001071458       0.0000000316
   0.0001079009       0.0000000320
   0.0001086614       0.0000000325
   0.0001094272       0.0000000330
   0.0001101984       0.0000000334
   0.0001109750       0.0000000339
   0.0001117571       0.0000000344
   0.0001125447       0.0000000349
   0.0001133379       0.0000000354
   0.0001141366       0.0000000359
   0.0001149410       0.0000000364
   0.0001157511       0.0000000369
   0.0001165668       0.0000000374
   0.0001173883       0.0000000379
   0.0001182156       0.0000000385
   0.0001190488       0.0000000390
   0.0001198878       0.0000000396
   0.0001207327       0.0000000401
   0.0001215836       0.0000000407
   0.0001224404       0.0000000413
   0.0001233033       0.0000000418
   0.0001241723       0.0000000424
   0.0001250474       0.0000000430
   0.0001259287       0.0000000436
   0.0001268162       0.0000000443
   0.0001277099       0.0000000449
   0.0001286100       0.0000000455
   0.0001295164       0.0000000462
   0.0001304291       0.0000000468
   0.0001313484       0.0000000475
   0.0001322740       0.0000000482
   0.0001332062       0.0000000488
   0.0001341450       0.0000000495
   0.0001350904       0.0000000502
   0.0001360425       0.0000000509
   0.0001370012       0.0000000517
   0.0001379668       0.0000000524
   0.0001389391       0.0000000531
   0.0001399183       0.0000000539
   0.0001409044       0.0000000546
   0.0001418974       0.0000000554
   0.0001428974       0.0000000562
   0.0001439045       0.0000000570
   0.0001449187       0.0000000578
   0.0001459400       0.0000000586
   0.0001469685       0.0000000594
   0.0001480043       0.0000000603
   0.0001490474       0.0000000611
   0.0001500978       0.0000000620
   0.0001511556       0.0000000629
   0.0001522209       0.0000000638
   0.0001532937       0.0000000647
   0.0001543740       0.0000000656
   0.0001554620       0.0000000665
   0.0001565576       0.0000000674
   0.0001576609       0.0000000684
   0.0001587721       0.0000000694
   0.0001598910       0.0000000703
   0.0001610179       0.0000000713
   0.0001621526       0.0000000724
   0.0001632954       0.0000000734
   0.0001644463       0.0000000744
   0.0001656052       0.0000000755
   0.0001667723       0.0000000765
   0.0001679477       0.0000000776
   0.0001691313       0.0000000787
   0.0001703232       0.0000000798
   0.0001715236       0.0000000810
   0.0001727324       0.0000000821
   0.0001739498       0.0000000833
   0.0001751757       0.0000000844
   0.0001764102       0.0000000856
   0.0001776535       0.0000000868
   0.0001789055       0.0000000881
   0.0001801664       0.0000000893
   0.0001814361       0.0000000906
   0.0001827148       0.0000000919
   0.0001840025       0.0000000932
   0.0001852992       0.0000000945
   0.0001866052       0.0000000958
   0.0001879203       0.0000000972
   0.0001892446       0.0000000985
   0.0001905784       0.0000000999
   0.0001919215       0.0000001013
   0.0001932740       0.0000001028
   0.0001946362       0.0000001042
   0.0001960079       0.0000001057
   0.0001973892       0.0000001072
   0.0001987804       0.0000001087
   0.0002001813       0.0000001102
   0.0002015921       0.0000001118
   0.0002030128       0.0000001134
   0.0002044435       0.0000001150
   0.0002058844       0.0000001166
   0.0002073353       0.0000001183
   0.0002087965       0.0000001199
   0.0002102681       0.0000001216
   0.0002117499       0.0000001233
   0.0002132422       0.0000001251
   0.0002147451       0.0000001269
   0.0002162585       0.0000001287
   0.0002177826       0.0000001305
   0.0002193174       0.0000001323
   0.0002208631       0.0000001342
   0.0002224196       0.0000001361
   0.0002239872       0.0000001380
   0.0002255657       0.0000001400
   0.0002271554       0.0000001419
   0.0002287563       0.0000001439
   0.0002303685       0.0000001460
   0.0002319920       0.0000001480
   0.0002336270       0.0000001501
   0.0002352735       0.0000001523
   0.0002369316       0.0000001544
   0.0002386014       0.0000001566
   0.0002402829       0.0000001588
   0.0002419763       0.0000001610
   0.0002436817       0.0000001633
   0.0002453990       0.0000001656
   0.0002471285       0.0000001680
   0.0002488702       0.0000001703
   0.0002506241       0.0000001728
   0.0002523904       0.0000001752
   0.0002541691       0.0000001777
   0.0002559604       0.0000001802
   0.0002577643       0.0000001827
   0.0002595809       0.0000001853
   0.0002614103       0.0000001879
   0.0002632526       0.0000001906
   0.0002651079       0.0000001933
   0.0002669762       0.0000001960
   0.0002688578       0.0000001988
   0.0002707526       0.0000002016
   0.0002726607       0.0000002044
   0.0002745823       0.0000002073
   0.0002765174       0.0000002103
   0.0002784662       0.0000002132
   0.0002804287       0.0000002162
   0.0002824050       0.0000002193
   0.0002843953       0.0000002224
   0.0002863996       0.0000002255
   0.0002884180       0.0000002287
   0.0002904507       0.0000002320
   0.0002924976       0.0000002352
   0.0002945590       0.0000002386
   0.0002966349       0.0000002419
   0.0002987255       0.0000002454
   0.0003008308       0.0000002488
   0.0003029509       0.0000002523
   0.0003050860       0.0000002559
   0.0003072361       0.0000002595
   0.0003094013       0.0000002632
   0.0003115819       0.0000002669
   0.0003137778       0.0000002707
   0.0003159891       0.0000002745
   0.0003182161       0.0000002784
   0.0003204587       0.0000002823
   0.0003227172       0.0000002863
   0.0003249915       0.0000002904
   0.0003272819       0.0000002945
   0.0003295885       0.0000002986
   0.0003319113       0.0000003028
   0.0003342504       0.0000003071
   0.0003366061       0.0000003115
   0.0003389783       0.0000003159
   0.0003413673       0.0000003203
   0.0003437731       0.0000003248
   0.0003461959       0.0000003294
   0.0003486357       0.0000003341
   0.0003510927       0.0000003388
   0.0003535671       0.0000003436
   0.0003560589       0.0000003485
   0.0003585682       0.0000003534
   0.0003610952       0.0000003584
   0.0003636401       0.0000003634
   0.0003662028       0.0000003686
   0.0003687837       0.0000003738
   0.0003713827       0.0000003791
   0.0003740000       0.0000003844
   0.0003766358       0.0000003898
   0.0003792902       0.0000003954
   0.0003819633       0.0000004009
   0.0003846552       0.0000004066
   0.0003873660       0.0000004123
   0.0003900960       0.0000004182
   0.0003928453       0.0000004241
   0.0003956139       0.0000004301
   0.0003984020       0.0000004361
   0.0004012097       0.0000004423
   0.0004040373       0.0000004486
   0.0004068848       0.0000004549
   0.0004097523       0.0000004613
   0.0004126400       0.0000004678
   0.0004155482       0.0000004744
   0.0004184767       0.0000004811
   0.0004214260       0.0000004879
   0.0004243960       0.0000004948
   0.0004273870       0.0000005018
   0.0004303990       0.0000005089
   0.0004334323       0.0000005161
   0.0004364869       0.0000005234
   0.0004395631       0.0000005308
   0.0004426609       0.0000005383
   0.0004457806       0.0000005459
   0.0004489223       0.0000005536
   0.0004520861       0.0000005614
   0.0004552722       0.0000005694
   0.0004584807       0.0000005774
   0.0004617119       0.0000005856
   0.0004649658       0.0000005938
   0.0004682427       0.0000006022
   0.0004715427       0.0000006107
   0.0004748659       0.0000006193
   0.0004782125       0.0000006281
   0.0004815828       0.0000006370
   0.0004849767       0.0000006460
   0.0004883946       0.0000006551
   0.0004918366       0.0000006643
   0.0004953029       0.0000006737
   0.0004987936       0.0000006832
   0.0005023088       0.0000006929
   0.0005058489       0.0000007027
   0.0005094139       0.0000007126
   0.0005130040       0.0000007227
   0.0005166194       0.0000007329
   0.0005202603       0.0000007432
   0.0005239269       0.0000007537
   0.0005276193       0.0000007644
   0.0005313377       0.0000007751
   0.0005350824       0.0000007861
   0.0005388534       0.0000007972
   0.0005426510       0.0000008085
   0.0005464753       0.0000008199
   0.0005503267       0.0000008314
   0.0005542051       0.0000008432
   0.0005581109       0.0000008551
   0.0005620442       0.0000008672
   0.0005660053       0.0000008794
   0.0005699942       0.0000008918
   0.0005740113       0.0000009044
   0.0005780567       0.0000009172
   0.0005821306       0.0000009301
   0.0005862332       0.0000009433
   0.0005903647       0.0000009566
   0.0005945253       0.0000009701
   0.0005987152       0.0000009838
   0.0006029347       0.0000009977
   0.0006071839       0.0000010118
   0.0006114631       0.0000010261
   0.0006157724       0.0000010406
   0.0006201121       0.0000010552
   0.0006244824       0.0000010701
   0.0006288835       0.0000010852
   0.0006333156       0.0000011006
   0.0006377789       0.0000011161
   0.0006422737       0.0000011319
   0.0006468001       0.0000011478
   0.0006513585       0.0000011640
   0.0006559490       0.0000011805
   0.0006605718       0.0000011971
   0.0006652272       0.0000012140
   0.0006699155       0.0000012312
   0.0006746367       0.0000012486
   0.0006793913       0.0000012662
   0.0006841793       0.0000012841
   0.0006890011       0.0000013022
   0.0006938569       0.0000013206
   0.0006987469       0.0000013392
   0.0007036713       0.0000013581
   0.0007086305       0.0000013773
   0.0007136246       0.0000013967
   0.0007186539       0.0000014164
   0.0007237187       0.0000014364
   0.0007288191       0.0000014567
   0.0007339555       0.0000014773
   0.0007391281       0.0000014981
   0.0007443371       0.0000015192
   0.0007495829       0.0000015407
   0.0007548656       0.0000015624
   0.0007601856       0.0000015845
   0.0007655430       0.0000016068
   0.0007709383       0.0000016295
   0.0007763715       0.0000016525
   0.0007818430       0.0000016758
   0.0007873531       0.0000016995
   0.0007929020       0.0000017235
   0.0007984900       0.0000017478
   0.0008041174       0.0000017724
   0.0008097845       0.0000017974
   0.0008154915       0.0000018228
   0.0008212387       0.0000018485
   0.0008270264       0.0000018746
   0.0008328550       0.0000019011
   0.0008387245       0.0000019279
   0.0008446355       0.0000019551
   0.0008505881       0.0000019827
   0.0008565827       0.0000020106
   0.0008626195       0.0000020390
   0.0008686989       0.0000020678
   0.0008748211       0.0000020969
   0.0008809864       0.0000021265
   0.0008871952       0.0000021565
   0.0008934478       0.0000021869
   0.0008997444       0.0000022178
   0.0009060854       0.0000022491
   0.0009124711       0.0000022808
   0.0009189018       0.0000023130
   0.0009253778       0.0000023456
   0.0009318994       0.0000023787
   0.0009384671       0.0000024122
   0.0009450810       0.0000024463
   0.0009517415       0.0000024808
   0.0009584489       0.0000025158
   0.0009652036       0.0000025512
   0.0009720060       0.0000025872
   0.0009788562       0.0000026237
   0.0009857548       0.0000026607
   0.0009927019       0.0000026982
   0.0009996981       0.0000027363
   0.0010067435       0.0000027749
   0.0010138386       0.0000028140
   0.0010209837       0.0000028537
   0.0010281791       0.0000028939
   0.0010354253       0.0000029347
   0.0010427225       0.0000029761
   0.0010500711       0.0000030181
   0.0010574716       0.0000030606
   0.0010649241       0.0000031038
   0.0010724293       0.0000031475
   0.0010799873       0.0000031919
   0.0010875985       0.0000032369
   0.0010952634       0.0000032826
   0.0011029824       0.0000033288
   0.0011107557       0.0000033758
   0.0011185838       0.0000034233
   0.0011264671       0.0000034716
   0.0011344059       0.0000035205
   0.0011424007       0.0000035702
   0.0011504519       0.0000036205
   0.0011585597       0.0000036715
   0.0011667248       0.0000037233
   0.0011749473       0.0000037758
   0.0011832278       0.0000038290
   0.0011915667       0.0000038829
   0.0011999643       0.0000039377
   0.0012084211       0.0000039932
   0.0012169376       0.0000040494
   0.0012255140       0.0000041065
   0.0012341509       0.0000041644
   0.0012428486       0.0000042231
   0.0012516077       0.0000042826
   0.0012604284       0.0000043429
   0.0012693114       0.0000044041
   0.0012782569       0.0000044662
   0.0012872655       0.0000045291
   0.0012963376       0.0000045929
   0.0013054736       0.0000046576
   0.0013146740       0.0000047232
   0.0013239392       0.0000047898
   0.0013332698       0.0000048573
   0.0013426661       0.0000049257
   0.0013521286       0.0000049951
   0.0013616578       0.0000050654
   0.0013712541       0.0000051368
   0.0013809181       0.0000052091
   0.0013906502       0.0000052825
   0.0014004509       0.0000053569
   0.0014103207       0.0000054324
   0.0014202600       0.0000055089
   0.0014302694       0.0000055865
   0.0014403493       0.0000056652
   0.0014505002       0.0000057449
   0.0014607227       0.0000058258
   0.0014710172       0.0000059079
   0.0014813843       0.0000059911
   0.0014918244       0.0000060754
   0.0015023381       0.0000061610
   0.0015129260       0.0000062477
   0.0015235884       0.0000063357
   0.0015343260       0.0000064249
   0.0015451392       0.0000065154
   0.0015560287       0.0000066071
   0.0015669949       0.0000067001
   0.0015780384       0.0000067944
   0.0015891597       0.0000068901
   0.0016003594       0.0000069871
   0.0016116380       0.0000070854
   0.0016229961       0.0000071851
   0.0016344342       0.0000072863
   0.0016459530       0.0000073888
   0.0016575530       0.0000074928
   0.0016692347       0.0000075983
   0.0016809987       0.0000077052
   0.0016928456       0.0000078136
   0.0017047760       0.0000079236
   0.0017167905       0.0000080351
   0.0017288897       0.0000081482
   0.0017410742       0.0000082628
   0.0017533445       0.0000083791
   0.0017657013       0.0000084970
   0.0017781452       0.0000086165
   0.0017906767       0.0000087377
   0.0018032966       0.0000088607
   0.0018160055       0.0000089853
   0.0018288039       0.0000091117
   0.0018416925       0.0000092399
   0.0018546719       0.0000093698
   0.0018677428       0.0000095016
   0.0018809058       0.0000096353
   0.0018941616       0.0000097708
   0.0019075108       0.0000099082
   0.0019209541       0.0000100475
   0.0019344922       0.0000101888
   0.0019481256       0.0000103321
   0.0019618551       0.0000104774
   0.0019756814       0.0000106247
   0.0019896051       0.0000107741
   0.0020036270       0.0000109256
   0.0020177477       0.0000110792
   0.0020319679       0.0000112349
   0.0020462883       0.0000113929
   0.0020607096       0.0000115530
   0.0020752326       0.0000117154
   0.0020898579       0.0000118801
   0.0021045863       0.0000120471
   0.0021194185       0.0000122164
   0.0021343552       0.0000123881
   0.0021493972       0.0000125622
   0.0021645452       0.0000127387
   0.0021797999       0.0000129177
   0.0021951622       0.0000130992
   0.0022106327       0.0000132833
   0.0022262123       0.0000134699
   0.0022419016       0.0000136591
   0.0022577016       0.0000138510
   0.0022736128       0.0000140456
   0.0022896363       0.0000142429
   0.0023057726       0.0000144430
   0.0023220227       0.0000146459
   0.0023383872       0.0000148516
   0.0023548672       0.0000150601
   0.0023714632       0.0000152717
   0.0023881762       0.0000154861
   0.0024050070       0.0000157036
   0.0024219565       0.0000159241
   0.0024390253       0.0000161477
   0.0024562145       0.0000163744
   0.0024735248       0.0000166043
   0.0024909571       0.0000168374
   0.0025085123       0.0000170738
   0.0025261912       0.0000173134
   0.0025439946       0.0000175565
   0.0025619236       0.0000178029
   0.0025799789       0.0000180527
   0.0025981614       0.0000183061
   0.0026164721       0.0000185630
   0.0026349119       0.0000188235
   0.0026534816       0.0000190876
   0.0026721821       0.0000193555
   0.0026910145       0.0000196270
   0.0027099795       0.0000199024
   0.0027290783       0.0000201816
   0.0027483116       0.0000204647
   0.0027676805       0.0000207518
   0.0027871859       0.0000210428
   0.0028068287       0.0000213380
   0.0028266100       0.0000216372
   0.0028465307       0.0000219407
   0.0028665918       0.0000222483
   0.0028867943       0.0000225603
   0.0029071391       0.0000228766
   0.0029276273       0.0000231974
   0.0029482600       0.0000235226
   0.0029690380       0.0000238523
   0.0029899624       0.0000241867
   0.0030110344       0.0000245257
   0.0030322548       0.0000248695
   0.0030536248       0.0000252180
   0.0030751454       0.0000255714
   0.0030968176       0.0000259298
   0.0031186426       0.0000262931
   0.0031406215       0.0000266615
   0.0031627552       0.0000270350
   0.0031850449       0.0000274138
   0.0032074916       0.0000277978
   0.0032300966       0.0000281872
   0.0032528609       0.0000285820
   0.0032757856       0.0000289823
   0.0032988719       0.0000293882
   0.0033221209       0.0000297997
   0.0033455337       0.0000302170
   0.0033691116       0.0000306401
   0.0033928556       0.0000310691
   0.0034167669       0.0000315040
   0.0034408468       0.0000319451
   0.0034650963       0.0000323922
   0.0034895168       0.0000328456
   0.0035141094       0.0000333053
   0.0035388752       0.0000337714
   0.0035638157       0.0000342440
   0.0035889319       0.0000347231
   0.0036142251       0.0000352089
   0.0036396965       0.0000357015
   0.0036653475       0.0000362010
   0.0036911792       0.0000367073
   0.0037171930       0.0000372208
   0.0037433901       0.0000377413
   0.0037697719       0.0000382691
   0.0037963396       0.0000388043
   0.0038230945       0.0000393468
   0.0038500380       0.0000398970
   0.0038771713       0.0000404547
   0.0039044959       0.0000410203
   0.0039320131       0.0000415936
   0.0039597242       0.0000421750
   0.0039876305       0.0000427644
   0.0040157336       0.0000433620
   0.0040440347       0.0000439679
   0.0040725353       0.0000445822
   0.0041012367       0.0000452051
   0.0041301404       0.0000458366
   0.0041592478       0.0000464768
   0.0041885603       0.0000471260
   0.0042180794       0.0000477841
   0.0042478066       0.0000484514
   0.0042777432       0.0000491279
   0.0043078909       0.0000498138
   0.0043382510       0.0000505093
   0.0043688250       0.0000512144
   0.0043996146       0.0000519292
   0.0044306211       0.0000526540
   0.0044618462       0.0000533888
   0.0044932913       0.0000541338
   0.0045249580       0.0000548891
   0.0045568479       0.0000556549
   0.0045889625       0.0000564313
   0.0046213035       0.0000572184
   0.0046538724       0.0000580165
   0.0046866708       0.0000588256
   0.0047197004       0.0000596459
   0.0047529628       0.0000604775
   0.0047864595       0.0000613207
   0.0048201924       0.0000621755
   0.0048541630       0.0000630422
   0.0048883730       0.0000639208
   0.0049228240       0.0000648116
   0.0049575179       0.0000657147
   0.0049924563       0.0000666303
   0.0050276409       0.0000675586
   0.0050630735       0.0000684997
   0.0050987558       0.0000694538
   0.0051346896       0.0000704211
   0.0051708766       0.0000714017
   0.0052073186       0.0000723959
   0.0052440175       0.0000734039
   0.0052809750       0.0000744257
   0.0053181930       0.0000754617
   0.0053556733       0.0000765119
   0.0053934177       0.0000775767
   0.0054314281       0.0000786561
   0.0054697064       0.0000797504
   0.0055082544       0.0000808599
   0.0055470742       0.0000819846
   0.0055861675       0.0000831248
   0.0056255363       0.0000842808
   0.0056651826       0.0000854527
   0.0057051083       0.0000866407
   0.0057453154       0.0000878452
   0.0057858058       0.0000890662
   0.0058265816       0.0000903040
   0.0058676448       0.0000915589
   0.0059089973       0.0000928310
   0.0059506413       0.0000941207
   0.0059925788       0.0000954281
   0.0060348118       0.0000967535
   0.0060773425       0.0000980972
   0.0061201729       0.0000994593
   0.0061633052       0.0001008401
   0.0062067414       0.0001022400
   0.0062504838       0.0001036591
   0.0062945344       0.0001050977
   0.0063388955       0.0001065560
   0.0063835692       0.0001080344
   0.0064285578       0.0001095331
   0.0064738634       0.0001110524
   0.0065194883       0.0001125926
   0.0065654348       0.0001141539
   0.0066117051       0.0001157366
   0.0066583014       0.0001173410
   0.0067052262       0.0001189675
   0.0067524817       0.0001206162
   0.0068000701       0.0001222876
   0.0068479940       0.0001239818
   0.0068962556       0.0001256993
   0.0069448574       0.0001274404
   0.0069938017       0.0001292052
   0.0070430909       0.0001309943
   0.0070927275       0.0001328078
   0.0071427139       0.0001346462
   0.0071930525       0.0001365098
   0.0072437460       0.0001383988
   0.0072947967       0.0001403137
   0.0073462072       0.0001422548
   0.0073979800       0.0001442224
   0.0074501177       0.0001462169
   0.0075026228       0.0001482387
   0.0075554980       0.0001502881
   0.0076087458       0.0001523655
   0.0076623688       0.0001544713
   0.0077163698       0.0001566058
   0.0077707514       0.0001587695
   0.0078255162       0.0001609627
   0.0078806669       0.0001631858
   0.0079362064       0.0001654392
   0.0079921372       0.0001677234
   0.0080484623       0.0001700387
   0.0081051843       0.0001723856
   0.0081623060       0.0001747644
   0.0082198303       0.0001771757
   0.0082777600       0.0001796198
   0.0083360980       0.0001820971
   0.0083948471       0.0001846082
   0.0084540103       0.0001871535
   0.0085135904       0.0001897333
   0.0085735904       0.0001923483
   0.0086340133       0.0001949988
   0.0086948620       0.0001976853
   0.0087561395       0.0002004084
   0.0088178489       0.0002031684
   0.0088799932       0.0002059659
   0.0089425754       0.0002088014
   0.0090055987       0.0002116754
   0.0090690662       0.0002145884
   0.0091329810       0.0002175409
   0.0091973462       0.0002205334
   0.0092621650       0.0002235665
   0.0093274406       0.0002266407
   0.0093931763       0.0002297565
   0.0094593752       0.0002329145
   0.0095260407       0.0002361153
   0.0095931760       0.0002393595
   0.0096607845       0.0002426475
   0.0097288694       0.0002459800
   0.0097974341       0.0002493575
   0.0098664821       0.0002527807
   0.0099360167       0.0002562502
   0.0100060413       0.0002597665
   0.0100765595       0.0002633303
   0.0101475746       0.0002669423
   0.0102190902       0.0002706029
   0.0102911098       0.0002743130
   0.0103636370       0.0002780731
   0.0104366753       0.0002818838
   0.0105102284       0.0002857460
   0.0105842998       0.0002896602
   0.0106588932       0.0002936270
   0.0107340124       0.0002976473
   0.0108096610       0.0003017217
   0.0108858427       0.0003058509
   0.0109625612       0.0003100356
   0.0110398205       0.0003142766
   0.0111176243       0.0003185746
   0.0111959764       0.0003229303
   0.0112748806       0.0003273445
   0.0113543410       0.0003318180
   0.0114343613       0.0003363515
   0.0115149457       0.0003409458
   0.0115960979       0.0003456017
   0.0116778220       0.0003503199
   0.0117601221       0.0003551015
   0.0118430023       0.0003599470
   0.0119264665       0.0003648574
   0.0120105189       0.0003698335
   0.0120951638       0.0003748762
   0.0121804051       0.0003799863
   0.0122662472       0.0003851647
   0.0123526943       0.0003904123
   0.0124397506       0.0003957299
   0.0125274204       0.0004011186
   0.0126157081       0.0004065791
   0.0127046180       0.0004121125
   0.0127941545       0.0004177197
   0.0128843221       0.0004234015
   0.0129751251       0.0004291591
   0.0130665680       0.0004349933
   0.0131586554       0.0004409052
   0.0132513917       0.0004468957
   0.0133447817       0.0004529659
   0.0134388298       0.0004591167
   0.0135335407       0.0004653493
   0.0136289191       0.0004716646
   0.0137249696       0.0004780637
   0.0138216971       0.0004845478
   0.0139191063       0.0004911178
   0.0140172020       0.0004977749
   0.0141159890       0.0005045202
   0.0142154723       0.0005113548
   0.0143156566       0.0005182799
   0.0144165470       0.0005252966
   0.0145181484       0.0005324061
   0.0146204659       0.0005396095
   0.0147235045       0.0005469081
   0.0148272692       0.0005543030
   0.0149317652       0.0005617956
   0.0150369977       0.0005693870
   0.0151429718       0.0005770784
   0.0152496927       0.0005848712
   0.0153571658       0.0005927666
   0.0154653963       0.0006007660
   0.0155743895       0.0006088706
   0.0156841509       0.0006170817
   0.0157946858       0.0006254008
   0.0159059998       0.0006338291
   0.0160180982       0.0006423681
   0.0161309867       0.0006510191
   0.0162446707       0.0006597836
   0.0163591559       0.0006686629
   0.0164744480       0.0006776585
   0.0165905526       0.0006867719
   0.0167074755       0.0006960046
   0.0168252224       0.0007053580
   0.0169437991       0.0007148336
   0.0170632114       0.0007244330
   0.0171834654       0.0007341577
   0.0173045668       0.0007440093
   0.0174265217       0.0007539893
   0.0175493361       0.0007640994
   0.0176730161       0.0007743411
   0.0177975676       0.0007847162
   0.0179229970       0.0007952262
   0.0180493103       0.0008058728
   0.0181765139       0.0008166577
   0.0183046139       0.0008275827
   0.0184336167       0.0008386494
   0.0185635286       0.0008498596
   0.0186943561       0.0008612151
   0.0188261057       0.0008727176
   0.0189587837       0.0008843690
   0.0190923968       0.0008961711
   0.0192269516       0.0009081258
   0.0193624546       0.0009202348
   0.0194989126       0.0009325002
   0.0196363323       0.0009449237
   0.0197747204       0.0009575074
   0.0199140839       0.0009702532
   0.0200544295       0.0009831631
   0.0201957642       0.0009962391
   0.0203380950       0.0010094831
   0.0204814289       0.0010228973
   0.0206257729       0.0010364837
   0.0207711342       0.0010502443
   0.0209175200       0.0010641813
   0.0210649374       0.0010782969
   0.0212133937       0.0010925931
   0.0213628963       0.0011070722
   0.0215134525       0.0011217363
   0.0216650698       0.0011365877
   0.0218177556       0.0011516286
   0.0219715174       0.0011668614
   0.0221263630       0.0011822882
   0.0222822997       0.0011979114
   0.0224393355       0.0012137334
   0.0225974780       0.0012297566
   0.0227567350       0.0012459833
   0.0229171144       0.0012624159
   0.0230786240       0.0012790569
   0.0232412719       0.0012959088
   0.0234050661       0.0013129740
   0.0235700146       0.0013302552
   0.0237361256       0.0013477548
   0.0239034073       0.0013654754
   0.0240718679       0.0013834196
   0.0242415158       0.0014015901
   0.0244123592       0.0014199895
   0.0245844067       0.0014386205
   0.0247576667       0.0014574858
   0.0249321478       0.0014765882
   0.0251078585       0.0014959304
   0.0252848075       0.0015155151
   0.0254630036       0.0015353453
   0.0256424556       0.0015554238
   0.0258231722       0.0015757535
   0.0260051625       0.0015963372
   0.0261884354       0.0016171779
   0.0263729998       0.0016382786
   0.0265588650       0.0016596423
   0.0267460401       0.0016812720
   0.0269345344       0.0017031707
   0.0271243570       0.0017253416
   0.0273155175       0.0017477877
   0.0275080251       0.0017705123
   0.0277018895       0.0017935184
   0.0278971201       0.0018168093
   0.0280937266       0.0018403882
   0.0282917187       0.0018642584
   0.0284911062       0.0018884231
   0.0286918989       0.0019128858
   0.0288941067       0.0019376498
   0.0290977395       0.0019627185
   0.0293028075       0.0019880952
   0.0295093207       0.0020137835
   0.0297172893       0.0020397869
   0.0299267236       0.0020661088
   0.0301376338       0.0020927528
   0.0303500305       0.0021197226
   0.0305639241       0.0021470216
   0.0307793250       0.0021746537
   0.0309962441       0.0022026224
   0.0312146919       0.0022309315
   0.0314346792       0.0022595847
   0.0316562168       0.0022885858
   0.0318793158       0.0023179387
   0.0321039871       0.0023476471
   0.0323302417       0.0023777150
   0.0325580909       0.0024081463
   0.0327875459       0.0024389450
   0.0330186180       0.0024701149
   0.0332513186       0.0025016603
   0.0334856591       0.0025335850
   0.0337216512       0.0025658932
   0.0339593064       0.0025985891
   0.0341986366       0.0026316767
   0.0344396534       0.0026651603
   0.0346823688       0.0026990441
   0.0349267947       0.0027333324
   0.0351729433       0.0027680295
   0.0354208266       0.0028031396
   0.0356704569       0.0028386672
   0.0359218464       0.0028746167
   0.0361750077       0.0029109925
   0.0364299531       0.0029477991
   0.0366866952       0.0029850409
   0.0369452468       0.0030227226
   0.0372056205       0.0030608488
   0.0374678292       0.0030994239
   0.0377318859       0.0031384527
   0.0379978034       0.0031779399
   0.0382655951       0.0032178902
   0.0385352741       0.0032583083
   0.0388068536       0.0032991990
   0.0390803471       0.0033405672
   0.0393557680       0.0033824177
   0.0396331300       0.0034247553
   0.0399124467       0.0034675852
   0.0401937319       0.0035109121
   0.0404769995       0.0035547412
   0.0407622635       0.0035990773
   0.0410495378       0.0036439257
   0.0413388368       0.0036892914
   0.0416301746       0.0037351796
   0.0419235656       0.0037815953
   0.0422190243       0.0038285439
   0.0425165652       0.0038760306
   0.0428162031       0.0039240606
   0.0431179527       0.0039726392
   0.0434218289       0.0040217719
   0.0437278467       0.0040714639
   0.0440360212       0.0041217207
   0.0443463675       0.0041725477
   0.0446589010       0.0042239503
   0.0449736372       0.0042759342
   0.0452905914       0.0043285048
   0.0456097794       0.0043816678
   0.0459312169       0.0044354286
   0.0462549197       0.0044897929
   0.0465809039       0.0045447665
   0.0469091855       0.0046003550
   0.0472397806       0.0046565640
   0.0475727056       0.0047133995
   0.0479079769       0.0047708671
   0.0482456111       0.0048289727
   0.0485856248       0.0048877221
   0.0489280347       0.0049471212
   0.0492728578       0.0050071759
   0.0496201110       0.0050678921
   0.0499698116       0.0051292757
   0.0503219766       0.0051913328
   0.0506766236       0.0052540694
   0.0510337700       0.0053174915
   0.0513934333       0.0053816051
   0.0517556315       0.0054464163
   0.0521203822       0.0055119313
   0.0524877035       0.0055781561
   0.0528576136       0.0056450970
   0.0532301306       0.0057127600
   0.0536052730       0.0057811515
   0.0539830591       0.0058502775
   0.0543635078       0.0059201444
   0.0547466377       0.0059907584
   0.0551324677       0.0060621258
   0.0555210169       0.0061342529
   0.0559123044       0.0062071459
   0.0563063495       0.0062808112
   0.0567031717       0.0063552552
   0.0571027905       0.0064304843
   0.0575052256       0.0065065047
   0.0579104969       0.0065833229
   0.0583186244       0.0066609452
   0.0587296282       0.0067393782
   0.0591435286       0.0068186281
   0.0595603460       0.0068987015
   0.0599801009       0.0069796047
   0.0604028140       0.0070613443
   0.0608285062       0.0071439266
   0.0612571986       0.0072273581
   0.0616889121       0.0073116454
   0.0621236682       0.0073967947
   0.0625614883       0.0074828127
   0.0630023939       0.0075697058
   0.0634464068       0.0076574804
   0.0638935490       0.0077461430
   0.0643438424       0.0078357001
   0.0647973092       0.0079261581
   0.0652539719       0.0080175235
   0.0657138530       0.0081098027
   0.0661769750       0.0082030022
   0.0666433610       0.0082971283
   0.0671130339       0.0083921875
   0.0675860168       0.0084881863
   0.0680623330       0.0085851309
   0.0685420062       0.0086830278
   0.0690250598       0.0087818832
   0.0695115178       0.0088817037
   0.0700014042       0.0089824953
   0.0704947430       0.0090842646
   0.0709915587       0.0091870176
   0.0714918757       0.0092907607
   0.0719957187       0.0093955001
   0.0725031126       0.0095012419
   0.0730140824       0.0096079924
   0.0735286533       0.0097157576
   0.0740468506       0.0098245436
   0.0745687000       0.0099343565
   0.0750942271       0.0100452022
   0.0756234579       0.0101570868
   0.0761564185       0.0102700162
   0.0766931351       0.0103839963
   0.0772336343       0.0104990328
   0.0777779427       0.0106151316
   0.0783260872       0.0107322984
   0.0788780947       0.0108505389
   0.0794339925       0.0109698587
   0.0799938080       0.0110902634
   0.0805575689       0.0112117584
   0.0811253029       0.0113343493
   0.0816970381       0.0114580413
   0.0822728026       0.0115828399
   0.0828526248       0.0117087502
   0.0834365333       0.0118357774
   0.0840245570       0.0119639266
   0.0846167248       0.0120932028
   0.0852130660       0.0122236109
   0.0858136099       0.0123551557
   0.0864183861       0.0124878421
   0.0870274246       0.0126216747
   0.0876407553       0.0127566581
   0.0882584084       0.0128927967
   0.0888804145       0.0130300950
   0.0895068043       0.0131685571
   0.0901376085       0.0133081874
   0.0907728584       0.0134489898
   0.0914125853       0.0135909684
   0.0920568206       0.0137341270
   0.0927055962       0.0138784692
   0.0933589442       0.0140239988
   0.0940168966       0.0141707193
   0.0946794860       0.0143186339
   0.0953467450       0.0144677459
   0.0960187066       0.0146180584
   0.0966954038       0.0147695745
   0.0973768701       0.0149222968
   0.0980631391       0.0150762282
   0.0987542446       0.0152313711
   0.0994502207       0.0153877279
   0.1001511018       0.0155453010
   0.1008569223       0.0157040922
   0.1015677172       0.0158641037
   0.1022835214       0.0160253370
   0.1030043703       0.0161877939
   0.1037302994       0.0163514756
   0.1044613445       0.0165163836
   0.1051975418       0.0166825187
   0.1059389274       0.0168498820
   0.1066855379       0.0170184740
   0.1074374103       0.0171882953
   0.1081945815       0.0173593461
   0.1089570889       0.0175316267
   0.1097249702       0.0177051368
   0.1104982631       0.0178798761
   0.1112770058       0.0180558443
   0.1120612368       0.0182330404
   0.1128509947       0.0184114635
   0.1136463184       0.0185911126
   0.1144472473       0.0187719861
   0.1152538207       0.0189540824
   0.1160660785       0.0191373996
   0.1168840608       0.0193219357
   0.1177078078       0.0195076882
   0.1185373602       0.0196946545
   0.1193727589       0.0198828318
   0.1202140452       0.0200722170
   0.1210612604       0.0202628066
   0.1219144465       0.0204545970
   0.1227736455       0.0206475842
   0.1236388997       0.0208417641
   0.1245102518       0.0210371321
   0.1253877448       0.0212336835
   0.1262714220       0.0214314132
   0.1271613270       0.0216303159
   0.1280575036       0.0218303859
   0.1289599961       0.0220316172
   0.1298688489       0.0222340036
   0.1307841070       0.0224375384
   0.1317058154       0.0226422148
   0.1326340195       0.0228480256
   0.1335687653       0.0230549632
   0.1345100987       0.0232630197
   0.1354580662       0.0234721868
   0.1364127145       0.0236824561
   0.1373740909       0.0238938187
   0.1383422425       0.0241062652
   0.1393172173       0.0243197861
   0.1402990632       0.0245343714
   0.1412878288       0.0247500107
   0.1422835627       0.0249666934
   0.1432863142       0.0251844084
   0.1442961326       0.0254031442
   0.1453130677       0.0256228891
   0.1463371697       0.0258436307
   0.1473684892       0.0260653564
   0.1484070769       0.0262880534
   0.1494529842       0.0265117081
   0.1505062625       0.0267363067
   0.1515669639       0.0269618351
   0.1526351406       0.0271882785
   0.1537108454       0.0274156220
   0.1547941313       0.0276438500
   0.1558850516       0.0278729467
   0.1569836603       0.0281028957
   0.1580900116       0.0283336803
   0.1592041598       0.0285652833
   0.1603261601       0.0287976870
   0.1614560678       0.0290308733
   0.1625939385       0.0292648236
   0.1637398285       0.0294995191
   0.1648937942       0.0297349401
   0.1660558925       0.0299710669
   0.1672261808       0.0302078789
   0.1684047167       0.0304453554
   0.1695915585       0.0306834750
   0.1707867645       0.0309222158
   0.1719903939       0.0311615557
   0.1732025059       0.0314014717
   0.1744231603       0.0316419407
   0.1756524174       0.0318829389
   0.1768903377       0.0321244420
   0.1781369824       0.0323664252
   0.1793924128       0.0326088634
   0.1806566910       0.0328517307
   0.1819298792       0.0330950008
   0.1832120403       0.0333386471
   0.1845032375       0.0335826421
   0.1858035345       0.0338269581
   0.1871129953       0.0340715668
   0.1884316847       0.0343164392
   0.1897596677       0.0345615461
   0.1910970096       0.0348068574
   0.1924437766       0.0350523428
   0.1938000350       0.0352979714
   0.1951658517       0.0355437115
   0.1965412940       0.0357895312
   0.1979264299       0.0360353978
   0.1993213276       0.0362812784
   0.2007260559       0.0365271392
   0.2021406841       0.0367729461
   0.2035652819       0.0370186642
   0.2049999198       0.0372642584
   0.2064446683       0.0375096928
   0.2078995987       0.0377549310
   0.2093647829       0.0379999361
   0.2108402930       0.0382446706
   0.2123262019       0.0384890966
   0.2138225827       0.0387331755
   0.2153295095       0.0389768681
   0.2168470563       0.0392201349
   0.2183752982       0.0394629355
   0.2199143104       0.0397052292
   0.2214641689       0.0399469748
   0.2230249502       0.0401881304
   0.2245967311       0.0404286535
   0.2261795892       0.0406685013
   0.2277736027       0.0409076303
   0.2293788500       0.0411459964
   0.2309954104       0.0413835550
   0.2326233636       0.0416202611
   0.2342627898       0.0418560691
   0.2359137701       0.0420909327
   0.2375763857       0.0423248052
   0.2392507187       0.0425576394
   0.2409368516       0.0427893876
   0.2426348677       0.0430200014
   0.2443448506       0.0432494321
   0.2460668847       0.0434776304
   0.2478010550       0.0437045464
   0.2495474469       0.0439301297
   0.2513061466       0.0441543296
   0.2530772408       0.0443770948
   0.2548608170       0.0445983733
   0.2566569630       0.0448181129
   0.2584657674       0.0450362608
   0.2602873195       0.0452527637
   0.2621217091       0.0454675678
   0.2639690266       0.0456806191
   0.2658293632       0.0458918628
   0.2677028107       0.0461012437
   0.2695894613       0.0463087065
   0.2714894083       0.0465141950
   0.2734027452       0.0467176528
   0.2753295665       0.0469190232
   0.2772699671       0.0471182489
   0.2792240429       0.0473152723
   0.2811918901       0.0475100352
   0.2831736058       0.0477024794
   0.2851692877       0.0478925459
   0.2871790344       0.0480801757
   0.2892029448       0.0482653092
   0.2912411189       0.0484478867
   0.2932936571       0.0486278478
   0.2953606607       0.0488051321
   0.2974422317       0.0489796788
   0.2995384726       0.0491514267
   0.3016494869       0.0493203145
   0.3037753786       0.0494862805
   0.3059162528       0.0496492627
   0.3080722148       0.0498091989
   0.3102433711       0.0499660267
   0.3124298288       0.0501196835
   0.3146316957       0.0502701064
   0.3168490803       0.0504172323
   0.3190820921       0.0505609980
   0.3213308411       0.0507013400
   0.3235954384       0.0508381949
   0.3258759955       0.0509714988
   0.3281726249       0.0511011880
   0.3304854400       0.0512271985
   0.3328145548       0.0513494662
   0.3351600842       0.0514679270
   0.3375221438       0.0515825168
   0.3399008501       0.0516931713
   0.3422963206       0.0517998262
   0.3447086732       0.0519024172
   0.3471380270       0.0520008801
   0.3495845019       0.0520951505
   0.3520482184       0.0521851643
   0.3545292981       0.0522708572
   0.3570278633       0.0523521650
   0.3595440373       0.0524290238
   0.3620779442       0.0525013695
   0.3646297089       0.0525691383
   0.3671994574       0.0526322666
   0.3697873163       0.0526906907
   0.3723934133       0.0527443473
   0.3750178769       0.0527931731
   0.3776608365       0.0528371052
   0.3803224226       0.0528760807
   0.3830027663       0.0529100371
   0.3857019999       0.0529389121
   0.3884202565       0.0529626436
   0.3911576702       0.0529811699
   0.3939143760       0.0529944296
   0.3966905098       0.0530023615
   0.3994862085       0.0530049049
   0.4023016101       0.0530019993
   0.4051368534       0.0529935847
   0.4079920782       0.0529796014
   0.4108674254       0.0529599901
   0.4137630368       0.0529346921
   0.4166790552       0.0529036490
   0.4196156243       0.0528668028
   0.4225728891       0.0528240961
   0.4255509954       0.0527754718
   0.4285500901       0.0527208737
   0.4315703210       0.0526602457
   0.4346118372       0.0525935325
   0.4376747886       0.0525206791
   0.4407593264       0.0524416315
   0.4438656026       0.0523563359
   0.4469937705       0.0522647392
   0.4501439843       0.0521667890
   0.4533163995       0.0520624336
   0.4565111724       0.0519516217
   0.4597284606       0.0518343028
   0.4629684229       0.0517104272
   0.4662312190       0.0515799457
   0.4695170098       0.0514428100
   0.4728259574       0.0512989723
   0.4761582251       0.0511483857
   0.4795139770       0.0509910040
   0.4828933788       0.0508267818
   0.4862965972       0.0506556744
   0.4897237999       0.0504776380
   0.4931751560       0.0502926294
   0.4966508357       0.0501006065
   0.5001510105       0.0499015278
   0.5036758530       0.0496953528
   0.5072255370       0.0494820418
   0.5108002376       0.0492615558
   0.5144001311       0.0490338569
   0.5180253951       0.0487989080
   0.5216762083       0.0485566729
   0.5253527508       0.0483071163
   0.5290552039       0.0480502038
   0.5327837503       0.0477859021
   0.5365385739       0.0475141785
   0.5403198598       0.0472350016
   0.5441277945       0.0469483408
   0.5479625658       0.0466541664
   0.5518243629       0.0463524498
   0.5557133763       0.0460431633
   0.5596297976       0.0457262802
   0.5635738202       0.0454017750
   0.5675456385       0.0450696230
   0.5715454484       0.0447298005
   0.5755734472       0.0443822850
   0.5796298336       0.0440270549
   0.5837148076       0.0436640898
   0.5878285706       0.0432933700
   0.5919713256       0.0429148774
   0.5961432770       0.0425285944
   0.6003446303       0.0421345050
   0.6045755930       0.0417325939
   0.6088363736       0.0413228470
   0.6131271823       0.0409052514
   0.6174482307       0.0404797952
   0.6217997320       0.0400464677
   0.6261819007       0.0396052591
   0.6305949530       0.0391561610
   0.6350391065       0.0386991659
   0.6395145804       0.0382342677
   0.6440215955       0.0377614611
   0.6485603741       0.0372807422
   0.6531311399       0.0367921082
   0.6577341185       0.0362955574
   0.6623695368       0.0357910894
   0.6670376235       0.0352787048
   0.6717386088       0.0347584054
   0.6764727245       0.0342301944
   0.6812402042       0.0336940759
   0.6860412830       0.0331500553
   0.6908761977       0.0325981394
   0.6957451867       0.0320383358
   0.7006484901       0.0314706537
   0.7055863499       0.0308951034
   0.7105590095       0.0303116962
   0.7155667142       0.0297204450
   0.7206097110       0.0291213636
   0.7256882486       0.0285144673
   0.7308025775       0.0278997726
   0.7359529499       0.0272772970
   0.7411396199       0.0266470595
   0.7463628432       0.0260090805
   0.7516228774       0.0253633813
   0.7569199821       0.0247099847
   0.7622544184       0.0240489148
   0.7676264494       0.0233801969
   0.7730363401       0.0227038576
   0.7784843574       0.0220199249
   0.7839707698       0.0213284280
   0.7894958480       0.0206293974
   0.7950598646       0.0199228650
   0.8006630938       0.0192088641
   0.8063058122       0.0184874291
   0.8119882979       0.0177585958
   0.8177108312       0.0170224015
   0.8234736945       0.0162788848
   0.8292771718       0.0155280854
   0.8351215495       0.0147700447
   0.8410071157       0.0140048053
   0.8469341608       0.0132324112
   0.8529029771       0.0124529078
   0.8589138590       0.0116663417
   0.8649671029       0.0108727611
   0.8710630074       0.0100722156
   0.8772018731       0.0092647560
   0.8833840028       0.0084504346
   0.8896097014       0.0076293053
   0.8958792759       0.0068014230
   0.9021930357       0.0059668444
   0.9085512920       0.0051256275
   0.9149543585       0.0042778315
   0.9214025510       0.0034235172
   0.9278961875       0.0025627470
   0.9344355882       0.0016955845
   0.9410210758       0.0008220948
   0.9476529749      -0.0000576556
   0.9543316127      -0.0009435988
   0.9610573186      -0.0018356653
   0.9678304243      -0.0027337842
   0.9746512639      -0.0036378833
   0.9815201736      -0.0045478889
   0.9884374925      -0.0054637257
   0.9954035615      -0.0063853172
   1.0024187242      -0.0073125852
   1.0094833268      -0.0082454503
   1.0165977175      -0.0091838315
   1.0237622473      -0.0101276465
   1.0309772695      -0.0110768113
   1.0382431400      -0.0120312408
   1.0455602171      -0.0129908482
   1.0529288617      -0.0139555454
   1.0603494373      -0.0149252428
   1.0678223098      -0.0158998496
   1.0753478478      -0.0168792732
   1.0829264224      -0.0178634199
   1.0905584075      -0.0188521944
   1.0982441794      -0.0198455000
   1.1059841173      -0.0208432385
   1.1137786027      -0.0218453106
   1.1216280203      -0.0228516153
   1.1295327571      -0.0238620504
   1.1374932029      -0.0248765122
   1.1455097505      -0.0258948957
   1.1535827951      -0.0269170946
   1.1617127349      -0.0279430011
   1.1698999710      -0.0289725062
   1.1781449070      -0.0300054994
   1.1864479498      -0.0310418691
   1.1948095086      -0.0320815021
   1.2032299961      -0.0331242840
   1.2117098274      -0.0341700993
   1.2202494208      -0.0352188309
   1.2288491974      -0.0362703605
   1.2375095815      -0.0373245687
   1.2462310001      -0.0383813345
   1.2550138834      -0.0394405359
   1.2638586646      -0.0405020495
   1.2727657798      -0.0415657508
   1.2817356685      -0.0426315138
   1.2907687730      -0.0436992115
   1.2998655387      -0.0447687154
   1.3090264145      -0.0458398961
   1.3182518520      -0.0469126226
   1.3275423063      -0.0479867630
   1.3368982356      -0.0490621839
   1.3463201014      -0.0501387507
   1.3558083683      -0.0512163277
   1.3653635043      -0.0522947779
   1.3749859806      -0.0533739630
   1.3846762719      -0.0544537435
   1.3944348561      -0.0555339785
   1.4042622144      -0.0566145261
   1.4141588316      -0.0576952428
   1.4241251958      -0.0587759839
   1.4341617985      -0.0598566037
   1.4442691347      -0.0609369547
   1.4544477029      -0.0620168883
   1.4646980052      -0.0630962546
   1.4750205470      -0.0641749021
   1.4854158376      -0.0652526780
   1.4958843895      -0.0663294282
   1.5064267192      -0.0674049969
   1.5170433465      -0.0684792269
   1.5277347951      -0.0695519596
   1.5385015923      -0.0706230347
   1.5493442691      -0.0716922903
   1.5602633603      -0.0727595631
   1.5712594043      -0.0738246879
   1.5823329437      -0.0748874980
   1.5934845244      -0.0759478248
   1.6047146965      -0.0770054982
   1.6160240139      -0.0780603460
   1.6274130343      -0.0791121944
   1.6388823195      -0.0801608678
   1.6504324351      -0.0812061883
   1.6620639509      -0.0822479764
   1.6737774404      -0.0832860506
   1.6855734813      -0.0843202273
   1.6974526556      -0.0853503208
   1.7094155489      -0.0863761434
   1.7214627515      -0.0873975053
   1.7335948574      -0.0884142146
   1.7458124650      -0.0894260771
   1.7581161768      -0.0904328965
   1.7705065998      -0.0914344741
   1.7829843450      -0.0924306093
   1.7955500278      -0.0934210988
   1.8082042679      -0.0944057375
   1.8209476896      -0.0953843175
   1.8337809212      -0.0963566291
   1.8467045957      -0.0973224598
   1.8597193505      -0.0982815952
   1.8728258276      -0.0992338183
   1.8860246733      -0.1001789100
   1.8993165386      -0.1011166485
   1.9127020791      -0.1020468103
   1.9261819550      -0.1029691690
   1.9397568310      -0.1038834962
   1.9534273767      -0.1047895614
   1.9671942664      -0.1056871316
   1.9810581790      -0.1065759716
   1.9950197983      -0.1074558442
   2.0090798130      -0.1083265099
   2.0232389163      -0.1091877271
   2.0374978068      -0.1100392520
   2.0518571875      -0.1108808391
   2.0663177669      -0.1117122406
   2.0808802579      -0.1125332068
   2.0955453790      -0.1133434862
   2.1103138533      -0.1141428253
   2.1251864093      -0.1149309690
   2.1401637804      -0.1157076603
   2.1552467054      -0.1164726405
   2.1704359282      -0.1172256495
   2.1857321979      -0.1179664254
   2.2011362689      -0.1186947049
   2.2166489010      -0.1194102234
   2.2322708592      -0.1201127147
   2.2480029141      -0.1208019116
   2.2638458415      -0.1214775456
   2.2798004228      -0.1221393469
   2.2958674449      -0.1227870449
   2.3120477003      -0.1234203680
   2.3283419870      -0.1240390435
   2.3447511085      -0.1246427981
   2.3612758743      -0.1252313577
   2.3779170993      -0.1258044477
   2.3946756042      -0.1263617927
   2.4115522157      -0.1269031170
   2.4285477660      -0.1274281446
   2.4456630934      -0.1279365989
   2.4628990421      -0.1284282035
   2.4802564621      -0.1289026817
   2.4977362095      -0.1293597567
   2.5153391464      -0.1297991520
   2.5330661410      -0.1302205911
   2.5509180675      -0.1306237979
   2.5688958066      -0.1310084966
   2.5870002447      -0.1313744120
   2.6052322750      -0.1317212692
   2.6235927964      -0.1320487942
   2.6420827147      -0.1323567137
   2.6607029418      -0.1326447553
   2.6794543959      -0.1329126474
   2.6983380020      -0.1331601198
   2.7173546913      -0.1333869033
   2.7365054018      -0.1335927298
   2.7557910781      -0.1337773328
   2.7752126712      -0.1339404474
   2.7947711392      -0.1340818099
   2.8144674465      -0.1342011588
   2.8343025646      -0.1342982340
   2.8542774719      -0.1343727775
   2.8743931535      -0.1344245333
   2.8946506014      -0.1344532476
   2.9150508149      -0.1344586688
   2.9355948000      -0.1344405476
   2.9562835700      -0.1343986373
   2.9771181453      -0.1343326937
   2.9980995535      -0.1342424752
   3.0192288293      -0.1341277433
   3.0405070148      -0.1339882623
   3.0619351596      -0.1338237993
   3.0835143204      -0.1336341249
   3.1052455616      -0.1334190129
   3.1271299550      -0.1331782403
   3.1491685798      -0.1329115879
   3.1713625231      -0.1326188400
   3.1937128794      -0.1322997846
   3.2162207512      -0.1319542136
   3.2388872484      -0.1315819229
   3.2617134891      -0.1311827127
   3.2847005990      -0.1307563872
   3.3078497118      -0.1303027551
   3.3311619693      -0.1298216294
   3.3546385213      -0.1293128280
   3.3782805256      -0.1287761734
   3.4020891482      -0.1282114928
   3.4260655635      -0.1276186187
   3.4502109539      -0.1269973885
   3.4745265103      -0.1263476448
   3.4990134320      -0.1256692357
   3.5236729266      -0.1249620147
   3.5485062104      -0.1242258410
   3.5735145082      -0.1234605795
   3.5986990533      -0.1226661009
   3.6240610880      -0.1218422819
   3.6496018630      -0.1209890054
   3.6753226381      -0.1201061606
   3.7012246818      -0.1191936428
   3.7273092717      -0.1182513540
   3.7535776941      -0.1172792027
   3.7800312447      -0.1162771043
   3.8066712282      -0.1152449809
   3.8334989585      -0.1141827615
   3.8605157588      -0.1130903825
   3.8877229615      -0.1119677871
   3.9151219084      -0.1108149262
   3.9427139510      -0.1096317579
   3.9705004501      -0.1084182479
   3.9984827761      -0.1071743697
   4.0266623091      -0.1059001043
   4.0550404390      -0.1045954409
   4.0836185653      -0.1032603764
   4.1123980976      -0.1018949159
   4.1413804553      -0.1004990728
   4.1705670677      -0.0990728685
   4.1999593745      -0.0976163329
   4.2295588252      -0.0961295046
   4.2593668797      -0.0946124304
   4.2893850082      -0.0930651659
   4.3196146911      -0.0914877753
   4.3500574194      -0.0898803318
   4.3807146945      -0.0882429171
   4.4115880286      -0.0865756223
   4.4426789442      -0.0848785470
   4.4739889747      -0.0831518002
   4.5055196645      -0.0813954998
   4.5372725686      -0.0796097730
   4.5692492531      -0.0777947560
   4.6014512951      -0.0759505943
   4.6338802827      -0.0740774429
   4.6665378155      -0.0721754657
   4.6994255042      -0.0702448362
   4.7325449706      -0.0682857371
   4.7658978484      -0.0662983604
   4.7994857824      -0.0642829076
   4.8333104293      -0.0622395895
   4.8673734573      -0.0601686261
   4.9016765464      -0.0580702469
   4.9362213885      -0.0559446905
   4.9710096873      -0.0537922050
   5.0060431586      -0.0516130476
   5.0413235303      -0.0494074847
   5.0768525424      -0.0471757919
   5.1126319472      -0.0449182539
   5.1486635093      -0.0426351644
   5.1849490060      -0.0403268261
   5.2214902267      -0.0379935506
   5.2582889737      -0.0356356584
   5.2953470620      -0.0332534785
   5.3326663193      -0.0308473488
   5.3702485861      -0.0284176155
   5.4080957161      -0.0259646334
   5.4462095758      -0.0234887655
   5.4845920452      -0.0209903831
   5.5232450171      -0.0184698654
   5.5621703981      -0.0159275998
   5.6013701079      -0.0133639811
   5.6408460798      -0.0107794122
   5.6806002609      -0.0081743031
   5.7206346118      -0.0055490714
   5.7609511070      -0.0029041417
   5.8015517351      -0.0002399456
   5.8424384983       0.0024430782
   5.8836134134       0.0051444847
   5.9250785109       0.0078638222
   5.9668358361       0.0106006329
   6.0088874484       0.0133544527
   6.0512354218       0.0161248118
   6.0938818449       0.0189112345
   6.1368288211       0.0217132397
   6.1800784686       0.0245303412
   6.2236329203       0.0273620473
   6.2674943246       0.0302078619
   6.3116648445       0.0330672839
   6.3561466587       0.0359398079
   6.4009419610       0.0388249241
   6.4460529607       0.0417221190
   6.4914818827       0.0446308750
   6.5372309676       0.0475506710
   6.5833024717       0.0504809825
   6.6296986674       0.0534212820
   6.6764218429       0.0563710389
   6.7234743026       0.0593297198
   6.7708583672       0.0622967890
   6.8185763737       0.0652717083
   6.8666306755       0.0682539374
   6.9150236426       0.0712429340
   6.9637576620       0.0742381544
   7.0128351371       0.0772390531
   7.0622584885       0.0802450832
   7.1120301538       0.0832556968
   7.1621525876       0.0862703449
   7.2126282622       0.0892884778
   7.2634596669       0.0923095450
   7.3146493088       0.0953329956
   7.3661997126       0.0983582783
   7.4181134208       0.1013848416
   7.4703929937       0.1044121339
   7.5230410099       0.1074396037
   7.5760600660       0.1104666995
   7.6294527768       0.1134928703
   7.6832217759       0.1165175652
   7.7373697149       0.1195402339
   7.7918992646       0.1225603265
   7.8468131144       0.1255772938
   7.9021139727       0.1285905871
   7.9578045668       0.1315996585
   8.0138876436       0.1346039607
   8.0703659690       0.1376029471
   8.1272423286       0.1405960719
   8.1845195276       0.1435827898
   8.2422003908       0.1465625564
   8.3002877632       0.1495348279
   8.3587845097       0.1524990609
   8.4176935152       0.1554547129
   8.4770176853       0.1584012414
   8.5367599458       0.1613381047
   8.5969232433       0.1642647611
   8.6575105450       0.1671806690
   8.7185248391       0.1700852870
   8.7799691350       0.1729780735
   8.8418464629       0.1758584865
   8.9041598748       0.1787259836
   8.9669124441       0.1815800216
   9.0301072655       0.1844200568
   9.0937474561       0.1872455440
   9.1578361545       0.1900559368
   9.2223765216       0.1928506873
   9.2873717406       0.1956292457
   9.3528250170       0.1983910601
   9.4187395792       0.2011355763
   9.4851186779       0.2038622372
   9.5519655870       0.2065704830
   9.6192836036       0.2092597501
   9.6870760476       0.2119294717
   9.7553462627       0.2145790766
   9.8240976161       0.2172079895
   9.8933334984       0.2198156300
   9.9630573246       0.2224014127
  10.0332725333       0.2249647468
  10.1039825877       0.2275050352
  10.1751909752       0.2300216747
  10.2469012078       0.2325140550
  10.3191168223       0.2349815588
  10.3918413805       0.2374235610
  10.4650784691       0.2398394283
  10.5388317001       0.2422285188
  10.6131047113       0.2445901815
  10.6879011657       0.2469237559
  10.7632247523       0.2492285715
  10.8390791862       0.2515039472
  10.9154682084       0.2537491909
  10.9923955866       0.2559635990
  11.0698651148       0.2581464559
  11.1478806140       0.2602970338
  11.2264459317       0.2624145915
  11.3055649429       0.2644983746
  11.3852415499       0.2665476148
  11.4654796822       0.2685615293
  11.5462832973       0.2705393203
  11.6276563805       0.2724801747
  11.7096029450       0.2743832635
  11.7921270326       0.2762477415
  11.8752327133       0.2780727466
  11.9589240860       0.2798573995
  12.0432052784       0.2816008031
  12.1280804472       0.2833020425
  12.2135537786       0.2849601840
  12.2996294881       0.2865742752
  12.3863118210       0.2881433442
  12.4736050526       0.2896663998
  12.5615134881       0.2911424305
  12.6500414633       0.2925704045
  12.7391933444       0.2939492696
  12.8289735284       0.2952779524
  12.9193864434       0.2965553586
  13.0104365484       0.2977803723
  13.1021283342       0.2989518561
  13.1944663231       0.3000686509
  13.2874550691       0.3011295756
  13.3810991585       0.3021334271
  13.4754032100       0.3030789802
  13.5703718746       0.3039649876
  13.6660098362       0.3047901799
  13.7623218117       0.3055532656
  13.8593125514       0.3062529312
  13.9569868387       0.3068878415
  14.0553494911       0.3074566393
  14.1544053598       0.3079579462
  14.2541593304       0.3083903627
  14.3546163227       0.3087524681
  14.4557812913       0.3090428218
  14.5576592257       0.3092599626
  14.6602551507       0.3094024102
  14.7635741262       0.3094686652
  14.8676212480       0.3094572100
  14.9724016477       0.3093665093
  15.0779204933       0.3091950109
  15.1841829889       0.3089411469
  15.2911943754       0.3086033339
  15.3989599307       0.3081799747
  15.5074849698       0.3076694591
  15.6167748453       0.3070701647
  15.7268349473       0.3063804587
  15.8376707041       0.3055986990
  15.9492875822       0.3047232354
  16.0616910865       0.3037524115
  16.1748867609       0.3026845659
  16.2888801881       0.3015180340
  16.4036769905       0.3002511502
  16.5192828298       0.2988822489
  16.6357034078       0.2974096676
  16.7529444663       0.2958317480
  16.8710117879       0.2941468389
  16.9899111956       0.2923532982
  17.1096485535       0.2904494952
  17.2302297673       0.2884338135
  17.3516607839       0.2863046536
  17.4739475925       0.2840604354
  17.5970962243       0.2816996014
  17.7211127530       0.2792206195
  17.8460032952       0.2766219863
  17.9717740105       0.2739022304
  18.0984311020       0.2710599157
  18.2259808166       0.2680936451
  18.3544294450       0.2650020639
  18.4837833223       0.2617838638
  18.6140488283       0.2584377870
  18.7452323879       0.2549626296
  18.8773404710       0.2513572467
  19.0103795933       0.2476205561
  19.1443563163       0.2437515430
  19.2792772478       0.2397492646
  19.4151490422       0.2356128545
  19.5519784008       0.2313415284
  19.6897720720       0.2269345882
  19.8285368518       0.2223914275
  19.9682795843       0.2177115370
  20.1090071615       0.2128945096
  20.2507265243       0.2079400463
  20.3934446623       0.2028479612
  20.5371686144       0.1976181880
  20.6819054692       0.1922507852
  20.8276623652       0.1867459423
  20.9744464911       0.1811039863
  21.1222650864       0.1753253870
  21.2711254416       0.1694107640
  21.4210348985       0.1633608926
  21.5720008508       0.1571767106
  21.7240307442       0.1508593242
  21.8771320769       0.1444100153
  22.0313123998       0.1378302473
  22.1865793172       0.1311216723
  22.3429404870       0.1242861376
  22.5004036210       0.1173256923
  22.6589764853       0.1102425940
  22.8186669008       0.1030393154
  22.9794827435       0.0957185510
  23.1414319450       0.0882832240
  23.3045224925       0.0807364920
  23.4687624300       0.0730817545
  23.6341598576       0.0653226583
  23.8007229330       0.0574631045
  23.9684598710       0.0495072543
  24.1373789446       0.0414594154
  24.3074884848       0.0333249132
  24.4787968817       0.0251063468
  24.6513125841       0.0168083965
  24.8250441007       0.0084373992
  25.0000000000       0.0000000000
