   0.0000200000       0.0000000000
   0.0000201410       0.0000000000
   0.0000202829       0.0000000000
   0.0000204258       0.0000000000
   0.0000205698       0.0000000000
   0.0000207148       0.0000000000
   0.0000208607       0.0000000000
   0.0000210078       0.0000000000
   0.0000211558       0.0000000000
   0.0000213049       0.0000000000
   0.0000214551       0.0000000000
   0.0000216063       0.0000000000
   0.0000217585       0.0000000000
   0.0000219119       0.0000000000
   0.0000220663       0.0000000000
   0.0000222218       0.0000000000
   0.0000223784       0.0000000000
   0.0000225361       0.0000000000
   0.0000226950       0.0000000000
   0.0000228549       0.0000000000
   0.0000230160       0.0000000000
   0.0000231782       0.0000000000
   0.0000233415       0.0000000000
   0.0000235060       0.0000000000
   0.0000236717       0.0000000000
   0.0000238385       0.0000000000
   0.0000240065       0.0000000000
   0.0000241757       0.0000000000
   0.0000243461       0.0000000000
   0.0000245177       0.0000000000
   0.0000246905       0.0000000000
   0.0000248645       0.0000000000
   0.0000250397       0.0000000000
   0.0000252162       0.0000000000
   0.0000253939       0.0000000000
   0.0000255729       0.0000000000
   0.0000257531       0.0000000000
   0.0000259346       0.0000000000
   0.0000261174       0.0000000000
   0.0000263014       0.0000000000
   0.0000264868       0.0000000000
   0.0000266734       0.0000000000
   0.0000268614       0.0000000000
   0.0000270507       0.0000000000
   0.0000272414       0.0000000000
   0.0000274334       0.0000000000
   0.0000276267       0.0000000000
   0.0000278214       0.0000000000
   0.0000280175       0.0000000000
   0.0000282149       0.0000000000
   0.0000284138       0.0000000000
   0.0000286140       0.0000000000
   0.0000288157       0.0000000000
   0.0000290188       0.0000000000
   0.0000292233       0.0000000000
   0.0000294292       0.0000000000
   0.0000296366       0.0000000000
   0.0000298455       0.0000000000
   0.0000300558       0.0000000000
   0.0000302677       0.0000000000
   0.0000304810       0.0000000000
   0.0000306958       0.0000000000
   0.0000309121       0.0000000000
   0.0000311300       0.0000000000
   0.0000313494       0.0000000000
   0.0000315703       0.0000000000
   0.0000317928       0.0000000000
   0.0000320169       0.0000000000
   0.0000322425       0.0000000000
   0.0000324697       0.0000000000
   0.0000326986       0.0000000000
   0.0000329290       0.0000000000
   0.0000331611       0.0000000000
   0.0000333948       0.0000000000
   0.0000336301       0.0000000000
   0.0000338671       0.0000000000
   0.0000341058       0.0000000000
   0.0000343462       0.0000000000
   0.0000345882       0.0000000000
   0.0000348320       0.0000000000
   0.0000350775       0.0000000000
   0.0000353247       0.0000000000
   0.0000355736       0.0000000000
   0.0000358244       0.0000000000
   0.0000360768       0.0000000000
   0.0000363311       0.0000000000
   0.0000365871       0.0000000000
   0.0000368450       0.0000000000
   0.0000371046       0.0000000000
   0.0000373661       0.0000000000
   0.0000376295       0.0000000000
   0.0000378947       0.0000000000
   0.0000381617       0.0000000000
   0.0000384307       0.0000000000
   0.0000387015       0.0000000000
   0.0000389743       0.0000000000
   0.0000392490       0.0000000000
   0.0000395256       0.0000000000
   0.0000398041       0.0000000000
   0.0000400846       0.0000000000
   0.0000403671       0.0000000000
   0.0000406516       0.0000000000
   0.0000409381       0.0000000000
   0.0000412266       0.0000000000
   0.0000415172       0.0000000000
   0.0000418098       0.0000000000
   0.0000421044       0.0000000000
   0.0000424012       0.0000000000
   0.0000427000       0.0000000000
   0.0000430009       0.0000000000
   0.0000433040       0.0000000000
   0.0000436092       0.0000000000
   0.0000439165       0.0000000000
   0.0000442260       0.0000000000
   0.0000445377       0.0000000000
   0.0000448516       0.0000000000
   0.0000451677       0.0000000000
   0.0000454860       0.0000000000
   0.0000458066       0.0000000000
   0.0000461294       0.0000000000
   0.0000464545       0.0000000000
   0.0000467819       0.0000000000
   0.0000471116       0.0000000000
   0.0000474436       0.0000000000
   0.0000477780       0.0000000000
   0.0000481147       0.0000000000
   0.0000484538       0.0000000000
   0.0000487952       0.0000000000
   0.0000491391       0.0000000000
   0.0000494854       0.0000000000
   0.0000498342       0.0000000000
   0.0000501854       0.0000000000
   0.0000505391       0.0000000000
   0.0000508953       0.0000000000
   0.0000512539       0.0000000000
   0.0000516152       0.0000000000
   0.0000519789       0.0000000000
   0.0000523452       0.0000000000
   0.0000527142       0.0000000000
   0.0000530857       0.0000000000
   0.0000534598       0.0000000000
   0.0000538365       0.0000000000
   0.0000542160       0.0000000000
   0.0000545981       0.0000000000
   0.0000549828       0.0000000000
   0.0000553703       0.0000000000
   0.0000557606       0.0000000000
   0.0000561535       0.0000000000
   0.0000565493       0.0000000000
   0.0000569478       0.0000000000
   0.0000573492       0.0000000000
   0.0000577533       0.0000000000
   0.0000581603       0.0000000000
   0.0000585702       0.0000000000
   0.0000589830       0.0000000000
   0.0000593987       0.0000000000
   0.0000598173       0.0000000000
   0.0000602389       0.0000000000
   0.0000606634       0.0000000000
   0.0000610909       0.0000000000
   0.0000615215       0.0000000000
   0.0000619551       0.0000000000
   0.0000623917       0.0000000000
   0.0000628314       0.0000000000
   0.0000632742       0.0000000000
   0.0000637201       0.0000000000
   0.0000641692       0.0000000000
   0.0000646214       0.0000000000
   0.0000650769       0.0000000000
   0.0000655355       0.0000000000
   0.0000659974       0.0000000000
   0.0000664625       0.0000000000
   0.0000669309       0.0000000000
   0.0000674026       0.0000000000
   0.0000678776       0.0000000000
   0.0000683560       0.0000000000
   0.0000688377       0.0000000000
   0.0000693229       0.0000000000
   0.0000698114       0.0000000000
   0.0000703034       0.0000000000
   0.0000707989       0.0000000000
   0.0000712978       0.0000000000
   0.0000718003       0.0000000000
   0.0000723063       0.0000000000
   0.0000728159       0.0000000000
   0.0000733291       0.0000000000
   0.0000738459       0.0000000000
   0.0000743663       0.0000000000
   0.0000748904       0.0000000000
   0.0000754182       0.0000000000
   0.0000759497       0.0000000000
   0.0000764850       0.0000000000
   0.0000770240       0.0000000000
   0.0000775668       0.0000000000
   0.0000781135       0.0000000000
   0.0000786640       0.0000000000
   0.0000792184       0.0000000000
   0.0000797767       0.0000000000
   0.0000803389       0.0000000000
   0.0000809051       0.0000000000
   0.0000814753       0.0000000000
   0.0000820495       0.0000000000
   0.0000826278       0.0000000000
   0.0000832101       0.0000000000
   0.0000837965       0.0000000000
   0.0000843871       0.0000000000
   0.0000849818       0.0000000000
   0.0000855807       0.0000000000
   0.0000861838       0.0000000000
   0.0000867912       0.0000000000
   0.0000874029       0.0000000000
   0.0000880189       0.0000000000
   0.0000886392       0.0000000000
   0.0000892639       0.0000000000
   0.0000898930       0.0000000000
   0.0000905265       0.0000000000
   0.0000911645       0.0000000000
   0.0000918070       0.0000000000
   0.0000924540       0.0000000000
   0.0000931056       0.0000000000
   0.0000937617       0.0000000000
   0.0000944225       0.0000000000
   0.0000950880       0.0000000000
   0.0000957581       0.0000000000
   0.0000964330       0.0000000000
   0.0000971126       0.0000000000
   0.0000977970       0.0000000000
   0.0000984862       0.0000000000
   0.0000991803       0.0000000000
   0.0000998793       0.0000000000
   0.0001005832       0.0000000000
   0.0001012921       0.0000000000
   0.0001020059       0.0000000000
   0.0001027248       0.0000000000
   0.0001034488       0.0000000000
   0.0001041778       0.0000000000
   0.0001049120       0.0000000000
   0.0001056514       0.0000000000
   0.0001063960       0.0000000000
   0.0001071458       0.0000000000
   0.0001079009       0.0000000000
   0.0001086614       0.0000000000
   0.0001094272       0.0000000000
   0.0001101984       0.0000000000
   0.0001109750       0.0000000000
   0.0001117571       0.0000000000
   0.0001125447       0.0000000000
   0.0001133379       0.0000000000
   0.0001141366       0.0000000000
   0.0001149410       0.0000000000
   0.0001157511       0.0000000000
   0.0001165668       0.0000000000
   0.0001173883       0.0000000000
   0.0001182156       0.0000000000
   0.0001190488       0.0000000000
   0.0001198878       0.0000000000
   0.0001207327       0.0000000000
   0.0001215836       0.0000000000
   0.0001224404       0.0000000000
   0.0001233033       0.0000000000
   0.0001241723       0.0000000000
   0.0001250474       0.0000000000
   0.0001259287       0.0000000000
   0.0001268162       0.0000000000
   0.0001277099       0.0000000000
   0.0001286100       0.0000000000
   0.0001295164       0.0000000000
   0.0001304291       0.0000000000
   0.0001313484       0.0000000000
   0.0001322740       0.0000000000
   0.0001332062       0.0000000000
   0.0001341450       0.0000000000
   0.0001350904       0.0000000000
   0.0001360425       0.0000000000
   0.0001370012       0.0000000000
   0.0001379668       0.0000000000
   0.0001389391       0.0000000000
   0.0001399183       0.0000000000
   0.0001409044       0.0000000000
   0.0001418974       0.0000000000
   0.0001428974       0.0000000000
   0.0001439045       0.0000000000
   0.0001449187       0.0000000000
   0.0001459400       0.0000000000
   0.0001469685       0.0000000000
   0.0001480043       0.0000000000
   0.0001490474       0.0000000000
   0.0001500978       0.0000000000
   0.0001511556       0.0000000000
   0.0001522209       0.0000000000
   0.0001532937       0.0000000000
   0.0001543740       0.0000000000
   0.0001554620       0.0000000000
   0.0001565576       0.0000000000
   0.0001576609       0.0000000000
   0.0001587721       0.0000000000
   0.0001598910       0.0000000000
   0.0001610179       0.0000000000
   0.0001621526       0.0000000000
   0.0001632954       0.0000000000
   0.0001644463       0.0000000000
   0.0001656052       0.0000000000
   0.0001667723       0.0000000000
   0.0001679477       0.0000000000
   0.0001691313       0.0000000000
   0.0001703232       0.0000000000
   0.0001715236       0.0000000000
   0.0001727324       0.0000000000
   0.0001739498       0.0000000000
   0.0001751757       0.0000000000
   0.0001764102       0.0000000000
   0.0001776535       0.0000000000
   0.0001789055       0.0000000000
   0.0001801664       0.0000000000
   0.0001814361       0.0000000000
   0.0001827148       0.0000000000
   0.0001840025       0.0000000000
   0.0001852992       0.0000000000
   0.0001866052       0.0000000000
   0.0001879203       0.0000000000
   0.0001892446       0.0000000000
   0.0001905784       0.0000000000
   0.0001919215       0.0000000000
   0.0001932740       0.0000000000
   0.0001946362       0.0000000000
   0.0001960079       0.0000000000
   0.0001973892       0.0000000000
   0.0001987804       0.0000000000
   0.0002001813       0.0000000000
   0.0002015921       0.0000000000
   0.0002030128       0.0000000000
   0.0002044435       0.0000000000
   0.0002058844       0.0000000000
   0.0002073353       0.0000000000
   0.0002087965       0.0000000000
   0.0002102681       0.0000000000
   0.0002117499       0.0000000000
   0.0002132422       0.0000000000
   0.0002147451       0.0000000000
   0.0002162585       0.0000000000
   0.0002177826       0.0000000000
   0.0002193174       0.0000000000
   0.0002208631       0.0000000000
   0.0002224196       0.0000000000
   0.0002239872       0.0000000000
   0.0002255657       0.0000000000
   0.0002271554       0.0000000000
   0.0002287563       0.0000000000
   0.0002303685       0.0000000000
   0.0002319920       0.0000000000
   0.0002336270       0.0000000000
   0.0002352735       0.0000000000
   0.0002369316       0.0000000000
   0.0002386014       0.0000000000
   0.0002402829       0.0000000000
   0.0002419763       0.0000000000
   0.0002436817       0.0000000000
   0.0002453990       0.0000000000
   0.0002471285       0.0000000000
   0.0002488702       0.0000000000
   0.0002506241       0.0000000000
   0.0002523904       0.0000000000
   0.0002541691       0.0000000000
   0.0002559604       0.0000000000
   0.0002577643       0.0000000000
   0.0002595809       0.0000000000
   0.0002614103       0.0000000000
   0.0002632526       0.0000000000
   0.0002651079       0.0000000000
   0.0002669762       0.0000000000
   0.0002688578       0.0000000000
   0.0002707526       0.0000000000
   0.0002726607       0.0000000000
   0.0002745823       0.0000000000
   0.0002765174       0.0000000000
   0.0002784662       0.0000000000
   0.0002804287       0.0000000000
   0.0002824050       0.0000000000
   0.0002843953       0.0000000000
   0.0002863996       0.0000000000
   0.0002884180       0.0000000000
   0.0002904507       0.0000000000
   0.0002924976       0.0000000000
   0.0002945590       0.0000000000
   0.0002966349       0.0000000000
   0.0002987255       0.0000000000
   0.0003008308       0.0000000000
   0.0003029509       0.0000000000
   0.0003050860       0.0000000000
   0.0003072361       0.0000000000
   0.0003094013       0.0000000000
   0.0003115819       0.0000000000
   0.0003137778       0.0000000000
   0.0003159891       0.0000000000
   0.0003182161       0.0000000000
   0.0003204587       0.0000000000
   0.0003227172       0.0000000000
   0.0003249915       0.0000000000
   0.0003272819       0.0000000000
   0.0003295885       0.0000000000
   0.0003319113       0.0000000000
   0.0003342504       0.0000000000
   0.0003366061       0.0000000000
   0.0003389783       0.0000000000
   0.0003413673       0.0000000000
   0.0003437731       0.0000000000
   0.0003461959       0.0000000000
   0.0003486357       0.0000000000
   0.0003510927       0.0000000000
   0.0003535671       0.0000000000
   0.0003560589       0.0000000001
   0.0003585682       0.0000000001
   0.0003610952       0.0000000001
   0.0003636401       0.0000000001
   0.0003662028       0.0000000001
   0.0003687837       0.0000000001
   0.0003713827       0.0000000001
   0.0003740000       0.0000000001
   0.0003766358       0.0000000001
   0.0003792902       0.0000000001
   0.0003819633       0.0000000001
   0.0003846552       0.0000000001
   0.0003873660       0.0000000001
   0.0003900960       0.0000000001
   0.0003928453       0.0000000001
   0.0003956139       0.0000000001
   0.0003984020       0.0000000001
   0.0004012097       0.0000000001
   0.0004040373       0.0000000001
   0.0004068848       0.0000000001
   0.0004097523       0.0000000001
   0.0004126400       0.0000000001
   0.0004155482       0.0000000001
   0.0004184767       0.0000000001
   0.0004214260       0.0000000001
   0.0004243960       0.0000000001
   0.0004273870       0.0000000001
   0.0004303990       0.0000000001
   0.0004334323       0.0000000001
   0.0004364869       0.0000000001
   0.0004395631       0.0000000001
   0.0004426609       0.0000000001
   0.0004457806       0.0000000001
   0.0004489223       0.0000000001
   0.0004520861       0.0000000001
   0.0004552722       0.0000000001
   0.0004584807       0.0000000001
   0.0004617119       0.0000000001
   0.0004649658       0.0000000001
   0.0004682427       0.0000000001
   0.0004715427       0.0000000001
   0.0004748659       0.0000000001
   0.0004782125       0.0000000001
   0.0004815828       0.0000000001
   0.0004849767       0.0000000001
   0.0004883946       0.0000000001
   0.0004918366       0.0000000001
   0.0004953029       0.0000000001
   0.0004987936       0.0000000001
   0.0005023088       0.0000000001
   0.0005058489       0.0000000001
   0.0005094139       0.0000000001
   0.0005130040       0.0000000002
   0.0005166194       0.0000000002
   0.0005202603       0.0000000002
   0.0005239269       0.0000000002
   0.0005276193       0.0000000002
   0.0005313377       0.0000000002
   0.0005350824       0.0000000002
   0.0005388534       0.0000000002
   0.0005426510       0.0000000002
   0.0005464753       0.0000000002
   0.0005503267       0.0000000002
   0.0005542051       0.0000000002
   0.0005581109       0.0000000002
   0.0005620442       0.0000000002
   0.0005660053       0.0000000002
   0.0005699942       0.0000000002
   0.0005740113       0.0000000002
   0.0005780567       0.0000000002
   0.0005821306       0.0000000002
   0.0005862332       0.0000000002
   0.0005903647       0.0000000002
   0.0005945253       0.0000000002
   0.0005987152       0.0000000002
   0.0006029347       0.0000000002
   0.0006071839       0.0000000003
   0.0006114631       0.0000000003
   0.0006157724       0.0000000003
   0.0006201121       0.0000000003
   0.0006244824       0.0000000003
   0.0006288835       0.0000000003
   0.0006333156       0.0000000003
   0.0006377789       0.0000000003
   0.0006422737       0.0000000003
   0.0006468001       0.0000000003
   0.0006513585       0.0000000003
   0.0006559490       0.0000000003
   0.0006605718       0.0000000003
   0.0006652272       0.0000000003
   0.0006699155       0.0000000003
   0.0006746367       0.0000000003
   0.0006793913       0.0000000004
   0.0006841793       0.0000000004
   0.0006890011       0.0000000004
   0.0006938569       0.0000000004
   0.0006987469       0.0000000004
   0.0007036713       0.0000000004
   0.0007086305       0.0000000004
   0.0007136246       0.0000000004
   0.0007186539       0.0000000004
   0.0007237187       0.0000000004
   0.0007288191       0.0000000004
   0.0007339555       0.0000000004
   0.0007391281       0.0000000005
   0.0007443371       0.0000000005
   0.0007495829       0.0000000005
   0.0007548656       0.0000000005
   0.0007601856       0.0000000005
   0.0007655430       0.0000000005
   0.0007709383       0.0000000005
   0.0007763715       0.0000000005
   0.0007818430       0.0000000005
   0.0007873531       0.0000000005
   0.0007929020       0.0000000006
   0.0007984900       0.0000000006
   0.0008041174       0.0000000006
   0.0008097845       0.0000000006
   0.0008154915       0.0000000006
   0.0008212387       0.0000000006
   0.0008270264       0.0000000006
   0.0008328550       0.0000000006
   0.0008387245       0.0000000007
   0.0008446355       0.0000000007
   0.0008505881       0.0000000007
   0.0008565827       0.0000000007
   0.0008626195       0.0000000007
   0.0008686989       0.0000000007
   0.0008748211       0.0000000007
   0.0008809864       0.0000000008
   0.0008871952       0.0000000008
   0.0008934478       0.0000000008
   0.0008997444       0.0000000008
   0.0009060854       0.0000000008
   0.0009124711       0.0000000008
   0.0009189018       0.0000000009
   0.0009253778       0.0000000009
   0.0009318994       0.0000000009
   0.0009384671       0.0000000009
   0.0009450810       0.0000000009
   0.0009517415       0.0000000010
   0.0009584489       0.0000000010
   0.0009652036       0.0000000010
   0.0009720060       0.0000000010
   0.0009788562       0.0000000010
   0.0009857548       0.0000000011
   0.0009927019       0.0000000011
   0.0009996981       0.0000000011
   0.0010067435       0.0000000011
   0.0010138386       0.0000000012
   0.0010209837       0.0000000012
   0.0010281791       0.0000000012
   0.0010354253       0.0000000012
   0.0010427225       0.0000000013
   0.0010500711       0.0000000013
   0.0010574716       0.0000000013
   0.0010649241       0.0000000013
   0.0010724293       0.0000000014
   0.0010799873       0.0000000014
   0.0010875985       0.0000000014
   0.0010952634       0.0000000015
   0.0011029824       0.0000000015
   0.0011107557       0.0000000015
   0.0011185838       0.0000000016
   0.0011264671       0.0000000016
   0.0011344059       0.0000000016
   0.0011424007       0.0000000017
   0.0011504519       0.0000000017
   0.0011585597       0.0000000017
   0.0011667248       0.0000000018
   0.0011749473       0.0000000018
   0.0011832278       0.0000000018
   0.0011915667       0.0000000019
   0.0011999643       0.0000000019
   0.0012084211       0.0000000020
   0.0012169376       0.0000000020
   0.0012255140       0.0000000021
   0.0012341509       0.0000000021
   0.0012428486       0.0000000021
   0.0012516077       0.0000000022
   0.0012604284       0.0000000022
   0.0012693114       0.0000000023
   0.0012782569       0.0000000023
   0.0012872655       0.0000000024
   0.0012963376       0.0000000024
   0.0013054736       0.0000000025
   0.0013146740       0.0000000025
   0.0013239392       0.0000000026
   0.0013332698       0.0000000026
   0.0013426661       0.0000000027
   0.0013521286       0.0000000028
   0.0013616578       0.0000000028
   0.0013712541       0.0000000029
   0.0013809181       0.0000000029
   0.0013906502       0.0000000030
   0.0014004509       0.0000000031
   0.0014103207       0.0000000031
   0.0014202600       0.0000000032
   0.0014302694       0.0000000033
   0.0014403493       0.0000000033
   0.0014505002       0.0000000034
   0.0014607227       0.0000000035
   0.0014710172       0.0000000035
   0.0014813843       0.0000000036
   0.0014918244       0.0000000037
   0.0015023381       0.0000000038
   0.0015129260       0.0000000039
   0.0015235884       0.0000000039
   0.0015343260       0.0000000040
   0.0015451392       0.0000000041
   0.0015560287       0.0000000042
   0.0015669949       0.0000000043
   0.0015780384       0.0000000044
   0.0015891597       0.0000000045
   0.0016003594       0.0000000046
   0.0016116380       0.0000000047
   0.0016229961       0.0000000048
   0.0016344342       0.0000000049
   0.0016459530       0.0000000050
   0.0016575530       0.0000000051
   0.0016692347       0.0000000052
   0.0016809987       0.0000000053
   0.0016928456       0.0000000054
   0.0017047760       0.0000000055
   0.0017167905       0.0000000056
   0.0017288897       0.0000000057
   0.0017410742       0.0000000059
   0.0017533445       0.0000000060
   0.0017657013       0.0000000061
   0.0017781452       0.0000000063
   0.0017906767       0.0000000064
   0.0018032966       0.0000000065
   0.0018160055       0.0000000067
   0.0018288039       0.0000000068
   0.0018416925       0.0000000069
   0.0018546719       0.0000000071
   0.0018677428       0.0000000072
   0.0018809058       0.0000000074
   0.0018941616       0.0000000076
   0.0019075108       0.0000000077
   0.0019209541       0.0000000079
   0.0019344922       0.0000000080
   0.0019481256       0.0000000082
   0.0019618551       0.0000000084
   0.0019756814       0.0000000086
   0.0019896051       0.0000000088
   0.0020036270       0.0000000089
   0.0020177477       0.0000000091
   0.0020319679       0.0000000093
   0.0020462883       0.0000000095
   0.0020607096       0.0000000097
   0.0020752326       0.0000000099
   0.0020898579       0.0000000101
   0.0021045863       0.0000000104
   0.0021194185       0.0000000106
   0.0021343552       0.0000000108
   0.0021493972       0.0000000110
   0.0021645452       0.0000000113
   0.0021797999       0.0000000115
   0.0021951622       0.0000000117
   0.0022106327       0.0000000120
   0.0022262123       0.0000000122
   0.0022419016       0.0000000125
   0.0022577016       0.0000000128
   0.0022736128       0.0000000130
   0.0022896363       0.0000000133
   0.0023057726       0.0000000136
   0.0023220227       0.0000000139
   0.0023383872       0.0000000142
   0.0023548672       0.0000000145
   0.0023714632       0.0000000148
   0.0023881762       0.0000000151
   0.0024050070       0.0000000154
   0.0024219565       0.0000000157
   0.0024390253       0.0000000161
   0.0024562145       0.0000000164
   0.0024735248       0.0000000168
   0.0024909571       0.0000000171
   0.0025085123       0.0000000175
   0.0025261912       0.0000000179
   0.0025439946       0.0000000182
   0.0025619236       0.0000000186
   0.0025799789       0.0000000190
   0.0025981614       0.0000000194
   0.0026164721       0.0000000198
   0.0026349119       0.0000000203
   0.0026534816       0.0000000207
   0.0026721821       0.0000000211
   0.0026910145       0.0000000216
   0.0027099795       0.0000000220
   0.0027290783       0.0000000225
   0.0027483116       0.0000000230
   0.0027676805       0.0000000235
   0.0027871859       0.0000000240
   0.0028068287       0.0000000245
   0.0028266100       0.0000000250
   0.0028465307       0.0000000255
   0.0028665918       0.0000000261
   0.0028867943       0.0000000266
   0.0029071391       0.0000000272
   0.0029276273       0.0000000277
   0.0029482600       0.0000000283
   0.0029690380       0.0000000289
   0.0029899624       0.0000000295
   0.0030110344       0.0000000302
   0.0030322548       0.0000000308
   0.0030536248       0.0000000315
   0.0030751454       0.0000000321
   0.0030968176       0.0000000328
   0.0031186426       0.0000000335
   0.0031406215       0.0000000342
   0.0031627552       0.0000000349
   0.0031850449       0.0000000357
   0.0032074916       0.0000000364
   0.0032300966       0.0000000372
   0.0032528609       0.0000000380
   0.0032757856       0.0000000388
   0.0032988719       0.0000000396
   0.0033221209       0.0000000405
   0.0033455337       0.0000000413
   0.0033691116       0.0000000422
   0.0033928556       0.0000000431
   0.0034167669       0.0000000440
   0.0034408468       0.0000000449
   0.0034650963       0.0000000459
   0.0034895168       0.0000000469
   0.0035141094       0.0000000478
   0.0035388752       0.0000000489
   0.0035638157       0.0000000499
   0.0035889319       0.0000000510
   0.0036142251       0.0000000520
   0.0036396965       0.0000000531
   0.0036653475       0.0000000543
   0.0036911792       0.0000000554
   0.0037171930       0.0000000566
   0.0037433901       0.0000000578
   0.0037697719       0.0000000590
   0.0037963396       0.0000000602
   0.0038230945       0.0000000615
   0.0038500380       0.0000000628
   0.0038771713       0.0000000641
   0.0039044959       0.0000000655
   0.0039320131       0.0000000669
   0.0039597242       0.0000000683
   0.0039876305       0.0000000697
   0.0040157336       0.0000000712
   0.0040440347       0.0000000727
   0.0040725353       0.0000000743
   0.0041012367       0.0000000758
   0.0041301404       0.0000000774
   0.0041592478       0.0000000791
   0.0041885603       0.0000000808
   0.0042180794       0.0000000825
   0.0042478066       0.0000000842
   0.0042777432       0.0000000860
   0.0043078909       0.0000000878
   0.0043382510       0.0000000897
   0.0043688250       0.0000000916
   0.0043996146       0.0000000935
   0.0044306211       0.0000000955
   0.0044618462       0.0000000975
   0.0044932913       0.0000000995
   0.0045249580       0.0000001016
   0.0045568479       0.0000001038
   0.0045889625       0.0000001060
   0.0046213035       0.0000001082
   0.0046538724       0.0000001105
   0.0046866708       0.0000001128
   0.0047197004       0.0000001152
   0.0047529628       0.0000001177
   0.0047864595       0.0000001201
   0.0048201924       0.0000001227
   0.0048541630       0.0000001253
   0.0048883730       0.0000001279
   0.0049228240       0.0000001306
   0.0049575179       0.0000001334
   0.0049924563       0.0000001362
   0.0050276409       0.0000001391
   0.0050630735       0.0000001420
   0.0050987558       0.0000001450
   0.0051346896       0.0000001481
   0.0051708766       0.0000001512
   0.0052073186       0.0000001544
   0.0052440175       0.0000001576
   0.0052809750       0.0000001610
   0.0053181930       0.0000001644
   0.0053556733       0.0000001678
   0.0053934177       0.0000001714
   0.0054314281       0.0000001750
   0.0054697064       0.0000001787
   0.0055082544       0.0000001825
   0.0055470742       0.0000001863
   0.0055861675       0.0000001902
   0.0056255363       0.0000001942
   0.0056651826       0.0000001983
   0.0057051083       0.0000002025
   0.0057453154       0.0000002068
   0.0057858058       0.0000002112
   0.0058265816       0.0000002156
   0.0058676448       0.0000002202
   0.0059089973       0.0000002248
   0.0059506413       0.0000002295
   0.0059925788       0.0000002344
   0.0060348118       0.0000002393
   0.0060773425       0.0000002444
   0.0061201729       0.0000002495
   0.0061633052       0.0000002548
   0.0062067414       0.0000002601
   0.0062504838       0.0000002656
   0.0062945344       0.0000002712
   0.0063388955       0.0000002769
   0.0063835692       0.0000002828
   0.0064285578       0.0000002887
   0.0064738634       0.0000002948
   0.0065194883       0.0000003010
   0.0065654348       0.0000003074
   0.0066117051       0.0000003138
   0.0066583014       0.0000003204
   0.0067052262       0.0000003272
   0.0067524817       0.0000003341
   0.0068000701       0.0000003411
   0.0068479940       0.0000003483
   0.0068962556       0.0000003556
   0.0069448574       0.0000003631
   0.0069938017       0.0000003707
   0.0070430909       0.0000003785
   0.0070927275       0.0000003865
   0.0071427139       0.0000003946
   0.0071930525       0.0000004029
   0.0072437460       0.0000004114
   0.0072947967       0.0000004201
   0.0073462072       0.0000004289
   0.0073979800       0.0000004379
   0.0074501177       0.0000004471
   0.0075026228       0.0000004565
   0.0075554980       0.0000004661
   0.0076087458       0.0000004759
   0.0076623688       0.0000004859
   0.0077163698       0.0000004962
   0.0077707514       0.0000005066
   0.0078255162       0.0000005172
   0.0078806669       0.0000005281
   0.0079362064       0.0000005392
   0.0079921372       0.0000005505
   0.0080484623       0.0000005621
   0.0081051843       0.0000005739
   0.0081623060       0.0000005860
   0.0082198303       0.0000005983
   0.0082777600       0.0000006108
   0.0083360980       0.0000006236
   0.0083948471       0.0000006367
   0.0084540103       0.0000006501
   0.0085135904       0.0000006638
   0.0085735904       0.0000006777
   0.0086340133       0.0000006919
   0.0086948620       0.0000007064
   0.0087561395       0.0000007213
   0.0088178489       0.0000007364
   0.0088799932       0.0000007518
   0.0089425754       0.0000007676
   0.0090055987       0.0000007837
   0.0090690662       0.0000008001
   0.0091329810       0.0000008169
   0.0091973462       0.0000008341
   0.0092621650       0.0000008515
   0.0093274406       0.0000008694
   0.0093931763       0.0000008876
   0.0094593752       0.0000009062
   0.0095260407       0.0000009252
   0.0095931760       0.0000009446
   0.0096607845       0.0000009644
   0.0097288694       0.0000009846
   0.0097974341       0.0000010052
   0.0098664821       0.0000010263
   0.0099360167       0.0000010478
   0.0100060413       0.0000010697
   0.0100765595       0.0000010921
   0.0101475746       0.0000011150
   0.0102190902       0.0000011383
   0.0102911098       0.0000011621
   0.0103636370       0.0000011865
   0.0104366753       0.0000012113
   0.0105102284       0.0000012366
   0.0105842998       0.0000012625
   0.0106588932       0.0000012889
   0.0107340124       0.0000013159
   0.0108096610       0.0000013434
   0.0108858427       0.0000013715
   0.0109625612       0.0000014002
   0.0110398205       0.0000014294
   0.0111176243       0.0000014593
   0.0111959764       0.0000014898
   0.0112748806       0.0000015209
   0.0113543410       0.0000015527
   0.0114343613       0.0000015852
   0.0115149457       0.0000016183
   0.0115960979       0.0000016521
   0.0116778220       0.0000016866
   0.0117601221       0.0000017218
   0.0118430023       0.0000017577
   0.0119264665       0.0000017944
   0.0120105189       0.0000018319
   0.0120951638       0.0000018701
   0.0121804051       0.0000019091
   0.0122662472       0.0000019490
   0.0123526943       0.0000019896
   0.0124397506       0.0000020311
   0.0125274204       0.0000020735
   0.0126157081       0.0000021167
   0.0127046180       0.0000021608
   0.0127941545       0.0000022059
   0.0128843221       0.0000022518
   0.0129751251       0.0000022988
   0.0130665680       0.0000023467
   0.0131586554       0.0000023955
   0.0132513917       0.0000024454
   0.0133447817       0.0000024964
   0.0134388298       0.0000025484
   0.0135335407       0.0000026014
   0.0136289191       0.0000026556
   0.0137249696       0.0000027108
   0.0138216971       0.0000027672
   0.0139191063       0.0000028248
   0.0140172020       0.0000028836
   0.0141159890       0.0000029436
   0.0142154723       0.0000030048
   0.0143156566       0.0000030673
   0.0144165470       0.0000031310
   0.0145181484       0.0000031961
   0.0146204659       0.0000032625
   0.0147235045       0.0000033303
   0.0148272692       0.0000033995
   0.0149317652       0.0000034701
   0.0150369977       0.0000035422
   0.0151429718       0.0000036158
   0.0152496927       0.0000036908
   0.0153571658       0.0000037674
   0.0154653963       0.0000038456
   0.0155743895       0.0000039254
   0.0156841509       0.0000040069
   0.0157946858       0.0000040900
   0.0159059998       0.0000041748
   0.0160180982       0.0000042614
   0.0161309867       0.0000043497
   0.0162446707       0.0000044399
   0.0163591559       0.0000045319
   0.0164744480       0.0000046258
   0.0165905526       0.0000047216
   0.0167074755       0.0000048194
   0.0168252224       0.0000049192
   0.0169437991       0.0000050211
   0.0170632114       0.0000051250
   0.0171834654       0.0000052311
   0.0173045668       0.0000053393
   0.0174265217       0.0000054498
   0.0175493361       0.0000055625
   0.0176730161       0.0000056775
   0.0177975676       0.0000057949
   0.0179229970       0.0000059147
   0.0180493103       0.0000060369
   0.0181765139       0.0000061617
   0.0183046139       0.0000062890
   0.0184336167       0.0000064189
   0.0185635286       0.0000065514
   0.0186943561       0.0000066867
   0.0188261057       0.0000068247
   0.0189587837       0.0000069655
   0.0190923968       0.0000071093
   0.0192269516       0.0000072559
   0.0193624546       0.0000074056
   0.0194989126       0.0000075582
   0.0196363323       0.0000077141
   0.0197747204       0.0000078730
   0.0199140839       0.0000080353
   0.0200544295       0.0000082008
   0.0201957642       0.0000083697
   0.0203380950       0.0000085420
   0.0204814289       0.0000087179
   0.0206257729       0.0000088973
   0.0207711342       0.0000090804
   0.0209175200       0.0000092672
   0.0210649374       0.0000094578
   0.0212133937       0.0000096522
   0.0213628963       0.0000098507
   0.0215134525       0.0000100531
   0.0216650698       0.0000102597
   0.0218177556       0.0000104704
   0.0219715174       0.0000106855
   0.0221263630       0.0000109049
   0.0222822997       0.0000111287
   0.0224393355       0.0000113571
   0.0225974780       0.0000115901
   0.0227567350       0.0000118278
   0.0229171144       0.0000120703
   0.0230786240       0.0000123178
   0.0232412719       0.0000125703
   0.0234050661       0.0000128278
   0.0235700146       0.0000130906
   0.0237361256       0.0000133587
   0.0239034073       0.0000136322
   0.0240718679       0.0000139112
   0.0242415158       0.0000141958
   0.0244123592       0.0000144862
   0.0245844067       0.0000147825
   0.0247576667       0.0000150847
   0.0249321478       0.0000153931
   0.0251078585       0.0000157076
   0.0252848075       0.0000160285
   0.0254630036       0.0000163558
   0.0256424556       0.0000166898
   0.0258231722       0.0000170304
   0.0260051625       0.0000173779
   0.0261884354       0.0000177324
   0.0263729998       0.0000180940
   0.0265588650       0.0000184629
   0.0267460401       0.0000188392
   0.0269345344       0.0000192231
   0.0271243570       0.0000196146
   0.0273155175       0.0000200140
   0.0275080251       0.0000204214
   0.0277018895       0.0000208370
   0.0278971201       0.0000212609
   0.0280937266       0.0000216933
   0.0282917187       0.0000221344
   0.0284911062       0.0000225842
   0.0286918989       0.0000230431
   0.0288941067       0.0000235111
   0.0290977395       0.0000239885
   0.0293028075       0.0000244755
   0.0295093207       0.0000249721
   0.0297172893       0.0000254787
   0.0299267236       0.0000259954
   0.0301376338       0.0000265223
   0.0303500305       0.0000270598
   0.0305639241       0.0000276080
   0.0307793250       0.0000281671
   0.0309962441       0.0000287373
   0.0312146919       0.0000293189
   0.0314346792       0.0000299120
   0.0316562168       0.0000305170
   0.0318793158       0.0000311339
   0.0321039871       0.0000317631
   0.0323302417       0.0000324048
   0.0325580909       0.0000330592
   0.0327875459       0.0000337266
   0.0330186180       0.0000344072
   0.0332513186       0.0000351013
   0.0334856591       0.0000358091
   0.0337216512       0.0000365310
   0.0339593064       0.0000372671
   0.0341986366       0.0000380178
   0.0344396534       0.0000387833
   0.0346823688       0.0000395639
   0.0349267947       0.0000403599
   0.0351729433       0.0000411716
   0.0354208266       0.0000419994
   0.0356704569       0.0000428434
   0.0359218464       0.0000437041
   0.0361750077       0.0000445818
   0.0364299531       0.0000454767
   0.0366866952       0.0000463891
   0.0369452468       0.0000473196
   0.0372056205       0.0000482683
   0.0374678292       0.0000492356
   0.0377318859       0.0000502219
   0.0379978034       0.0000512276
   0.0382655951       0.0000522530
   0.0385352741       0.0000532984
   0.0388068536       0.0000543644
   0.0390803471       0.0000554512
   0.0393557680       0.0000565592
   0.0396331300       0.0000576889
   0.0399124467       0.0000588407
   0.0401937319       0.0000600149
   0.0404769995       0.0000612121
   0.0407622635       0.0000624326
   0.0410495378       0.0000636769
   0.0413388368       0.0000649454
   0.0416301746       0.0000662386
   0.0419235656       0.0000675570
   0.0422190243       0.0000689010
   0.0425165652       0.0000702711
   0.0428162031       0.0000716678
   0.0431179527       0.0000730917
   0.0434218289       0.0000745431
   0.0437278467       0.0000760226
   0.0440360212       0.0000775309
   0.0443463675       0.0000790683
   0.0446589010       0.0000806354
   0.0449736372       0.0000822329
   0.0452905914       0.0000838612
   0.0456097794       0.0000855209
   0.0459312169       0.0000872126
   0.0462549197       0.0000889370
   0.0465809039       0.0000906946
   0.0469091855       0.0000924860
   0.0472397806       0.0000943119
   0.0475727056       0.0000961729
   0.0479079769       0.0000980697
   0.0482456111       0.0001000029
   0.0485856248       0.0001019731
   0.0489280347       0.0001039812
   0.0492728578       0.0001060277
   0.0496201110       0.0001081134
   0.0499698116       0.0001102390
   0.0503219766       0.0001124052
   0.0506766236       0.0001146129
   0.0510337700       0.0001168626
   0.0513934333       0.0001191553
   0.0517556315       0.0001214917
   0.0521203822       0.0001238726
   0.0524877035       0.0001262989
   0.0528576136       0.0001287712
   0.0532301306       0.0001312906
   0.0536052730       0.0001338578
   0.0539830591       0.0001364737
   0.0543635078       0.0001391392
   0.0547466377       0.0001418552
   0.0551324677       0.0001446227
   0.0555210169       0.0001474425
   0.0559123044       0.0001503156
   0.0563063495       0.0001532429
   0.0567031717       0.0001562255
   0.0571027905       0.0001592644
   0.0575052256       0.0001623605
   0.0579104969       0.0001655149
   0.0583186244       0.0001687286
   0.0587296282       0.0001720027
   0.0591435286       0.0001753383
   0.0595603460       0.0001787365
   0.0599801009       0.0001821984
   0.0604028140       0.0001857251
   0.0608285062       0.0001893179
   0.0612571986       0.0001929778
   0.0616889121       0.0001967061
   0.0621236682       0.0002005040
   0.0625614883       0.0002043727
   0.0630023939       0.0002083135
   0.0634464068       0.0002123277
   0.0638935490       0.0002164165
   0.0643438424       0.0002205813
   0.0647973092       0.0002248235
   0.0652539719       0.0002291443
   0.0657138530       0.0002335452
   0.0661769750       0.0002380276
   0.0666433610       0.0002425929
   0.0671130339       0.0002472426
   0.0675860168       0.0002519781
   0.0680623330       0.0002568010
   0.0685420062       0.0002617127
   0.0690250598       0.0002667149
   0.0695115178       0.0002718091
   0.0700014042       0.0002769969
   0.0704947430       0.0002822799
   0.0709915587       0.0002876597
   0.0714918757       0.0002931382
   0.0719957187       0.0002987169
   0.0725031126       0.0003043976
   0.0730140824       0.0003101821
   0.0735286533       0.0003160721
   0.0740468506       0.0003220694
   0.0745687000       0.0003281760
   0.0750942271       0.0003343937
   0.0756234579       0.0003407243
   0.0761564185       0.0003471698
   0.0766931351       0.0003537322
   0.0772336343       0.0003604135
   0.0777779427       0.0003672157
   0.0783260872       0.0003741408
   0.0788780947       0.0003811909
   0.0794339925       0.0003883682
   0.0799938080       0.0003956748
   0.0805575689       0.0004031129
   0.0811253029       0.0004106847
   0.0816970381       0.0004183924
   0.0822728026       0.0004262384
   0.0828526248       0.0004342249
   0.0834365333       0.0004423544
   0.0840245570       0.0004506291
   0.0846167248       0.0004590516
   0.0852130660       0.0004676242
   0.0858136099       0.0004763496
   0.0864183861       0.0004852302
   0.0870274246       0.0004942685
   0.0876407553       0.0005034673
   0.0882584084       0.0005128292
   0.0888804145       0.0005223568
   0.0895068043       0.0005320529
   0.0901376085       0.0005419203
   0.0907728584       0.0005519617
   0.0914125853       0.0005621801
   0.0920568206       0.0005725783
   0.0927055962       0.0005831592
   0.0933589442       0.0005939258
   0.0940168966       0.0006048812
   0.0946794860       0.0006160284
   0.0953467450       0.0006273706
   0.0960187066       0.0006389108
   0.0966954038       0.0006506523
   0.0973768701       0.0006625982
   0.0980631391       0.0006747520
   0.0987542446       0.0006871170
   0.0994502207       0.0006996964
   0.1001511018       0.0007124938
   0.1008569223       0.0007255126
   0.1015677172       0.0007387564
   0.1022835214       0.0007522287
   0.1030043703       0.0007659332
   0.1037302994       0.0007798735
   0.1044613445       0.0007940534
   0.1051975418       0.0008084766
   0.1059389274       0.0008231469
   0.1066855379       0.0008380683
   0.1074374103       0.0008532447
   0.1081945815       0.0008686800
   0.1089570889       0.0008843783
   0.1097249702       0.0009003438
   0.1104982631       0.0009165804
   0.1112770058       0.0009330926
   0.1120612368       0.0009498844
   0.1128509947       0.0009669603
   0.1136463184       0.0009843245
   0.1144472473       0.0010019816
   0.1152538207       0.0010199361
   0.1160660785       0.0010381924
   0.1168840608       0.0010567552
   0.1177078078       0.0010756291
   0.1185373602       0.0010948189
   0.1193727589       0.0011143294
   0.1202140452       0.0011341654
   0.1210612604       0.0011543318
   0.1219144465       0.0011748337
   0.1227736455       0.0011956759
   0.1236388997       0.0012168637
   0.1245102518       0.0012384022
   0.1253877448       0.0012602967
   0.1262714220       0.0012825523
   0.1271613270       0.0013051746
   0.1280575036       0.0013281689
   0.1289599961       0.0013515406
   0.1298688489       0.0013752955
   0.1307841070       0.0013994390
   0.1317058154       0.0014239770
   0.1326340195       0.0014489150
   0.1335687653       0.0014742591
   0.1345100987       0.0015000151
   0.1354580662       0.0015261889
   0.1364127145       0.0015527867
   0.1373740909       0.0015798144
   0.1383422425       0.0016072784
   0.1393172173       0.0016351849
   0.1402990632       0.0016635402
   0.1412878288       0.0016923507
   0.1422835627       0.0017216229
   0.1432863142       0.0017513633
   0.1442961326       0.0017815787
   0.1453130677       0.0018122756
   0.1463371697       0.0018434609
   0.1473684892       0.0018751415
   0.1484070769       0.0019073242
   0.1494529842       0.0019400160
   0.1505062625       0.0019732241
   0.1515669639       0.0020069557
   0.1526351406       0.0020412179
   0.1537108454       0.0020760181
   0.1547941313       0.0021113638
   0.1558850516       0.0021472622
   0.1569836603       0.0021837212
   0.1580900116       0.0022207482
   0.1592041598       0.0022583510
   0.1603261601       0.0022965375
   0.1614560678       0.0023353154
   0.1625939385       0.0023746928
   0.1637398285       0.0024146777
   0.1648937942       0.0024552783
   0.1660558925       0.0024965027
   0.1672261808       0.0025383593
   0.1684047167       0.0025808564
   0.1695915585       0.0026240026
   0.1707867645       0.0026678063
   0.1719903939       0.0027122762
   0.1732025059       0.0027574210
   0.1744231603       0.0028032495
   0.1756524174       0.0028497707
   0.1768903377       0.0028969934
   0.1781369824       0.0029449268
   0.1793924128       0.0029935800
   0.1806566910       0.0030429622
   0.1819298792       0.0030930827
   0.1832120403       0.0031439511
   0.1845032375       0.0031955766
   0.1858035345       0.0032479690
   0.1871129953       0.0033011379
   0.1884316847       0.0033550930
   0.1897596677       0.0034098442
   0.1910970096       0.0034654014
   0.1924437766       0.0035217747
   0.1938000350       0.0035789741
   0.1951658517       0.0036370098
   0.1965412940       0.0036958922
   0.1979264299       0.0037556315
   0.1993213276       0.0038162383
   0.2007260559       0.0038777230
   0.2021406841       0.0039400964
   0.2035652819       0.0040033691
   0.2049999198       0.0040675519
   0.2064446683       0.0041326558
   0.2078995987       0.0041986918
   0.2093647829       0.0042656708
   0.2108402930       0.0043336041
   0.2123262019       0.0044025029
   0.2138225827       0.0044723786
   0.2153295095       0.0045432425
   0.2168470563       0.0046151063
   0.2183752982       0.0046879815
   0.2199143104       0.0047618798
   0.2214641689       0.0048368129
   0.2230249502       0.0049127928
   0.2245967311       0.0049898314
   0.2261795892       0.0050679408
   0.2277736027       0.0051471330
   0.2293788500       0.0052274204
   0.2309954104       0.0053088151
   0.2326233636       0.0053913296
   0.2342627898       0.0054749765
   0.2359137701       0.0055597681
   0.2375763857       0.0056457173
   0.2392507187       0.0057328367
   0.2409368516       0.0058211392
   0.2426348677       0.0059106377
   0.2443448506       0.0060013452
   0.2460668847       0.0060932747
   0.2478010550       0.0061864395
   0.2495474469       0.0062808528
   0.2513061466       0.0063765280
   0.2530772408       0.0064734784
   0.2548608170       0.0065717176
   0.2566569630       0.0066712592
   0.2584657674       0.0067721168
   0.2602873195       0.0068743043
   0.2621217091       0.0069778355
   0.2639690266       0.0070827243
   0.2658293632       0.0071889847
   0.2677028107       0.0072966308
   0.2695894613       0.0074056769
   0.2714894083       0.0075161371
   0.2734027452       0.0076280259
   0.2753295665       0.0077413576
   0.2772699671       0.0078561468
   0.2792240429       0.0079724080
   0.2811918901       0.0080901559
   0.2831736058       0.0082094053
   0.2851692877       0.0083301710
   0.2871790344       0.0084524680
   0.2892029448       0.0085763111
   0.2912411189       0.0087017155
   0.2932936571       0.0088286963
   0.2953606607       0.0089572687
   0.2974422317       0.0090874481
   0.2995384726       0.0092192497
   0.3016494869       0.0093526892
   0.3037753786       0.0094877819
   0.3059162528       0.0096245435
   0.3080722148       0.0097629897
   0.3102433711       0.0099031362
   0.3124298288       0.0100449989
   0.3146316957       0.0101885936
   0.3168490803       0.0103339363
   0.3190820921       0.0104810431
   0.3213308411       0.0106299301
   0.3235954384       0.0107806134
   0.3258759955       0.0109331093
   0.3281726249       0.0110874341
   0.3304854400       0.0112436043
   0.3328145548       0.0114016362
   0.3351600842       0.0115615463
   0.3375221438       0.0117233514
   0.3399008501       0.0118870679
   0.3422963206       0.0120527127
   0.3447086732       0.0122203025
   0.3471380270       0.0123898542
   0.3495845019       0.0125613845
   0.3520482184       0.0127349106
   0.3545292981       0.0129104494
   0.3570278633       0.0130880179
   0.3595440373       0.0132676334
   0.3620779442       0.0134493129
   0.3646297089       0.0136330738
   0.3671994574       0.0138189333
   0.3697873163       0.0140069087
   0.3723934133       0.0141970175
   0.3750178769       0.0143892771
   0.3776608365       0.0145837049
   0.3803224226       0.0147803185
   0.3830027663       0.0149791355
   0.3857019999       0.0151801734
   0.3884202565       0.0153834499
   0.3911576702       0.0155889828
   0.3939143760       0.0157967897
   0.3966905098       0.0160068884
   0.3994862085       0.0162192967
   0.4023016101       0.0164340324
   0.4051368534       0.0166511134
   0.4079920782       0.0168705576
   0.4108674254       0.0170923829
   0.4137630368       0.0173166072
   0.4166790552       0.0175432484
   0.4196156243       0.0177723246
   0.4225728891       0.0180038537
   0.4255509954       0.0182378537
   0.4285500901       0.0184743426
   0.4315703210       0.0187133386
   0.4346118372       0.0189548595
   0.4376747886       0.0191989234
   0.4407593264       0.0194455484
   0.4438656026       0.0196947525
   0.4469937705       0.0199465537
   0.4501439843       0.0202009701
   0.4533163995       0.0204580197
   0.4565111724       0.0207177204
   0.4597284606       0.0209800903
   0.4629684229       0.0212451473
   0.4662312190       0.0215129095
   0.4695170098       0.0217833946
   0.4728259574       0.0220566207
   0.4761582251       0.0223326056
   0.4795139770       0.0226113672
   0.4828933788       0.0228929231
   0.4862965972       0.0231772913
   0.4897237999       0.0234644895
   0.4931751560       0.0237545352
   0.4966508357       0.0240474463
   0.5001510105       0.0243432401
   0.5036758530       0.0246419344
   0.5072255370       0.0249435465
   0.5108002376       0.0252480938
   0.5144001311       0.0255555938
   0.5180253951       0.0258660636
   0.5216762083       0.0261795205
   0.5253527508       0.0264959817
   0.5290552039       0.0268154642
   0.5327837503       0.0271379850
   0.5365385739       0.0274635610
   0.5403198598       0.0277922090
   0.5441277945       0.0281239457
   0.5479625658       0.0284587878
   0.5518243629       0.0287967519
   0.5557133763       0.0291378544
   0.5596297976       0.0294821117
   0.5635738202       0.0298295399
   0.5675456385       0.0301801553
   0.5715454484       0.0305339740
   0.5755734472       0.0308910118
   0.5796298336       0.0312512846
   0.5837148076       0.0316148080
   0.5878285706       0.0319815978
   0.5919713256       0.0323516694
   0.5961432770       0.0327250382
   0.6003446303       0.0331017193
   0.6045755930       0.0334817280
   0.6088363736       0.0338650791
   0.6131271823       0.0342517875
   0.6174482307       0.0346418676
   0.6217997320       0.0350353342
   0.6261819007       0.0354322015
   0.6305949530       0.0358324840
   0.6350391065       0.0362361958
   0.6395145804       0.0366433509
   0.6440215955       0.0370539634
   0.6485603741       0.0374680471
   0.6531311399       0.0378856158
   0.6577341185       0.0383066831
   0.6623695368       0.0387312625
   0.6670376235       0.0391593676
   0.6717386088       0.0395910117
   0.6764727245       0.0400262080
   0.6812402042       0.0404649697
   0.6860412830       0.0409073097
   0.6908761977       0.0413532408
   0.6957451867       0.0418027755
   0.7006484901       0.0422559264
   0.7055863499       0.0427127058
   0.7105590095       0.0431731259
   0.7155667142       0.0436371988
   0.7206097110       0.0441049365
   0.7256882486       0.0445763509
   0.7308025775       0.0450514538
   0.7359529499       0.0455302567
   0.7411396199       0.0460127712
   0.7463628432       0.0464990086
   0.7516228774       0.0469889802
   0.7569199821       0.0474826972
   0.7622544184       0.0479801706
   0.7676264494       0.0484814111
   0.7730363401       0.0489864297
   0.7784843574       0.0494952370
   0.7839707698       0.0500078433
   0.7894958480       0.0505242592
   0.7950598646       0.0510444947
   0.8006630938       0.0515685601
   0.8063058122       0.0520964652
   0.8119882979       0.0526282198
   0.8177108312       0.0531638335
   0.8234736945       0.0537033157
   0.8292771718       0.0542466757
   0.8351215495       0.0547939226
   0.8410071157       0.0553450652
   0.8469341608       0.0559001122
   0.8529029771       0.0564590721
   0.8589138590       0.0570219530
   0.8649671029       0.0575887630
   0.8710630074       0.0581595098
   0.8772018731       0.0587342008
   0.8833840028       0.0593128431
   0.8896097014       0.0598954436
   0.8958792759       0.0604820087
   0.9021930357       0.0610725448
   0.9085512920       0.0616670576
   0.9149543585       0.0622655524
   0.9214025510       0.0628680344
   0.9278961875       0.0634745082
   0.9344355882       0.0640849778
   0.9410210758       0.0646994471
   0.9476529749       0.0653179191
   0.9543316127       0.0659403966
   0.9610573186       0.0665668818
   0.9678304243       0.0671973762
   0.9746512639       0.0678318807
   0.9815201736       0.0684703955
   0.9884374925       0.0691129204
   0.9954035615       0.0697594544
   1.0024187242       0.0704099957
   1.0094833268       0.0710645421
   1.0165977175       0.0717230906
   1.0237622473       0.0723856373
   1.0309772695       0.0730521778
   1.0382431400       0.0737227068
   1.0455602171       0.0743972184
   1.0529288617       0.0750757057
   1.0603494373       0.0757581611
   1.0678223098       0.0764445762
   1.0753478478       0.0771349419
   1.0829264224       0.0778292481
   1.0905584075       0.0785274840
   1.0982441794       0.0792296379
   1.1059841173       0.0799356973
   1.1137786027       0.0806456488
   1.1216280203       0.0813594785
   1.1295327571       0.0820771712
   1.1374932029       0.0827987113
   1.1455097505       0.0835240820
   1.1535827951       0.0842532662
   1.1617127349       0.0849862456
   1.1698999710       0.0857230012
   1.1781449070       0.0864635134
   1.1864479498       0.0872077618
   1.1948095086       0.0879557253
   1.2032299961       0.0887073819
   1.2117098274       0.0894627091
   1.2202494208       0.0902216838
   1.2288491974       0.0909842821
   1.2375095815       0.0917504796
   1.2462310001       0.0925202512
   1.2550138834       0.0932935713
   1.2638586646       0.0940704139
   1.2727657798       0.0948507523
   1.2817356685       0.0956345594
   1.2907687730       0.0964218077
   1.2998655387       0.0972124691
   1.3090264145       0.0980065154
   1.3182518520       0.0988039178
   1.3275423063       0.0996046473
   1.3368982356       0.1004086746
   1.3463201014       0.1012159700
   1.3558083683       0.1020265039
   1.3653635043       0.1028402462
   1.3749859806       0.1036571668
   1.3846762719       0.1044772353
   1.3944348561       0.1053004214
   1.4042622144       0.1061266946
   1.4141588316       0.1069560245
   1.4241251958       0.1077883806
   1.4341617985       0.1086237323
   1.4442691347       0.1094620494
   1.4544477029       0.1103033014
   1.4646980052       0.1111474582
   1.4750205470       0.1119944898
   1.4854158376       0.1128443662
   1.4958843895       0.1136970577
   1.5064267192       0.1145525350
   1.5170433465       0.1154107688
   1.5277347951       0.1162717302
   1.5385015923       0.1171353906
   1.5493442691       0.1180017216
   1.5602633603       0.1188706953
   1.5712594043       0.1197422842
   1.5823329437       0.1206164608
   1.5934845244       0.1214931986
   1.6047146965       0.1223724711
   1.6160240139       0.1232542523
   1.6274130343       0.1241385166
   1.6388823195       0.1250252392
   1.6504324351       0.1259143954
   1.6620639509       0.1268059611
   1.6737774404       0.1276999128
   1.6855734813       0.1285962273
   1.6974526556       0.1294948821
   1.7094155489       0.1303958552
   1.7214627515       0.1312991250
   1.7335948574       0.1322046705
   1.7458124650       0.1331124713
   1.7581161768       0.1340225074
   1.7705065998       0.1349347593
   1.7829843450       0.1358492082
   1.7955500278       0.1367658357
   1.8082042679       0.1376846239
   1.8209476896       0.1386055554
   1.8337809212       0.1395286134
   1.8467045957       0.1404537814
   1.8597193505       0.1413810436
   1.8728258276       0.1423103845
   1.8860246733       0.1432417891
   1.8993165386       0.1441752429
   1.9127020791       0.1451107316
   1.9261819550       0.1460482415
   1.9397568310       0.1469877593
   1.9534273767       0.1479292719
   1.9671942664       0.1488727666
   1.9810581790       0.1498182310
   1.9950197983       0.1507656530
   2.0090798130       0.1517150209
   2.0232389163       0.1526663229
   2.0374978068       0.1536195477
   2.0518571875       0.1545746841
   2.0663177669       0.1555317210
   2.0808802579       0.1564906474
   2.0955453790       0.1574514525
   2.1103138533       0.1584141253
   2.1251864093       0.1593786550
   2.1401637804       0.1603450309
   2.1552467054       0.1613132419
   2.1704359282       0.1622832771
   2.1857321979       0.1632551254
   2.2011362689       0.1642287753
   2.2166489010       0.1652042153
   2.2322708592       0.1661814338
   2.2480029141       0.1671604185
   2.2638458415       0.1681411570
   2.2798004228       0.1691236366
   2.2958674449       0.1701078441
   2.3120477003       0.1710937657
   2.3283419870       0.1720813873
   2.3447511085       0.1730706941
   2.3612758743       0.1740616708
   2.3779170993       0.1750543014
   2.3946756042       0.1760485693
   2.4115522157       0.1770444572
   2.4285477660       0.1780419469
   2.4456630934       0.1790410194
   2.4628990421       0.1800416549
   2.4802564621       0.1810438328
   2.4977362095       0.1820475313
   2.5153391464       0.1830527279
   2.5330661410       0.1840593989
   2.5509180675       0.1850675195
   2.5688958066       0.1860770639
   2.5870002447       0.1870880051
   2.6052322750       0.1881003148
   2.6235927964       0.1891139635
   2.6420827147       0.1901289206
   2.6607029418       0.1911451540
   2.6794543959       0.1921626302
   2.6983380020       0.1931813143
   2.7173546913       0.1942011702
   2.7365054018       0.1952221600
   2.7557910781       0.1962442444
   2.7752126712       0.1972673827
   2.7947711392       0.1982915324
   2.8144674465       0.1993166494
   2.8343025646       0.2003426881
   2.8542774719       0.2013696011
   2.8743931535       0.2023973393
   2.8946506014       0.2034258517
   2.9150508149       0.2044550858
   2.9355948000       0.2054849870
   2.9562835700       0.2065154992
   2.9771181453       0.2075465640
   2.9980995535       0.2085781215
   3.0192288293       0.2096101097
   3.0405070148       0.2106424646
   3.0619351596       0.2116751204
   3.0835143204       0.2127080091
   3.1052455616       0.2137410610
   3.1271299550       0.2147742041
   3.1491685798       0.2158073644
   3.1713625231       0.2168404659
   3.1937128794       0.2178734306
   3.2162207512       0.2189061782
   3.2388872484       0.2199386264
   3.2617134891       0.2209706907
   3.2847005990       0.2220022848
   3.3078497118       0.2230333197
   3.3311619693       0.2240637046
   3.3546385213       0.2250933464
   3.3782805256       0.2261221500
   3.4020891482       0.2271500179
   3.4260655635       0.2281768505
   3.4502109539       0.2292025459
   3.4745265103       0.2302270001
   3.4990134320       0.2312501068
   3.5236729266       0.2322717576
   3.5485062104       0.2332918416
   3.5735145082       0.2343102461
   3.5986990533       0.2353268557
   3.6240610880       0.2363415529
   3.6496018630       0.2373542182
   3.6753226381       0.2383647296
   3.7012246818       0.2393729627
   3.7273092717       0.2403787913
   3.7535776941       0.2413820864
   3.7800312447       0.2423827170
   3.8066712282       0.2433805499
   3.8334989585       0.2443754495
   3.8605157588       0.2453672778
   3.8877229615       0.2463558946
   3.9151219084       0.2473411575
   3.9427139510       0.2483229216
   3.9705004501       0.2493010397
   3.9984827761       0.2502753623
   4.0266623091       0.2512457376
   4.0550404390       0.2522120114
   4.0836185653       0.2531740270
   4.1123980976       0.2541316254
   4.1413804553       0.2550846452
   4.1705670677       0.2560329226
   4.1999593745       0.2569762911
   4.2295588252       0.2579145820
   4.2593668797       0.2588476240
   4.2893850082       0.2597752432
   4.3196146911       0.2606972630
   4.3500574194       0.2616135046
   4.3807146945       0.2625237862
   4.4115880286       0.2634279235
   4.4426789442       0.2643257293
   4.4739889747       0.2652170138
   4.5055196645       0.2661015843
   4.5372725686       0.2669792453
   4.5692492531       0.2678497984
   4.6014512951       0.2687130421
   4.6338802827       0.2695687719
   4.6665378155       0.2704167803
   4.6994255042       0.2712568566
   4.7325449706       0.2720887867
   4.7658978484       0.2729123533
   4.7994857824       0.2737273358
   4.8333104293       0.2745335099
   4.8673734573       0.2753306479
   4.9016765464       0.2761185183
   4.9362213885       0.2768968860
   4.9710096873       0.2776655119
   5.0060431586       0.2784241529
   5.0413235303       0.2791725620
   5.0768525424       0.2799104877
   5.1126319472       0.2806376746
   5.1486635093       0.2813538625
   5.1849490060       0.2820587868
   5.2214902267       0.2827521780
   5.2582889737       0.2834337621
   5.2953470620       0.2841032598
   5.3326663193       0.2847603868
   5.3702485861       0.2854048536
   5.4080957161       0.2860363649
   5.4462095758       0.2866546202
   5.4845920452       0.2872593129
   5.5232450171       0.2878501308
   5.5621703981       0.2884267552
   5.6013701079       0.2889888613
   5.6408460798       0.2895361178
   5.6806002609       0.2900681866
   5.7206346118       0.2905847229
   5.7609511070       0.2910853746
   5.8015517351       0.2915697825
   5.8424384983       0.2920375799
   5.8836134134       0.2924883923
   5.9250785109       0.2929218373
   5.9668358361       0.2933375244
   6.0088874484       0.2937350549
   6.0512354218       0.2941140213
   6.0938818449       0.2944740075
   6.1368288211       0.2948145881
   6.1800784686       0.2951353288
   6.2236329203       0.2954357855
   6.2674943246       0.2957155047
   6.3116648445       0.2959740226
   6.3561466587       0.2962108654
   6.4009419610       0.2964255489
   6.4460529607       0.2966175782
   6.4914818827       0.2967867061
   6.5372309676       0.2969335032
   6.5833024717       0.2970582806
   6.6296986674       0.2971599049
   6.6764218429       0.2972379908
   6.7234743026       0.2972919050
   6.7708583672       0.2973210372
   6.8185763737       0.2973247613
   6.8666306755       0.2973024386
   6.9150236426       0.2972534172
   6.9637576620       0.2971770324
   7.0128351371       0.2970726060
   7.0622584885       0.2969394463
   7.1120301538       0.2967768479
   7.1621525876       0.2965840917
   7.2126282622       0.2963604445
   7.2634596669       0.2961051590
   7.3146493088       0.2958174735
   7.3661997126       0.2954966120
   7.4181134208       0.2951417839
   7.4703929937       0.2947521841
   7.5230410099       0.2943269925
   7.5760600660       0.2938653745
   7.6294527768       0.2933664805
   7.6832217759       0.2928294460
   7.7373697149       0.2922533917
   7.7918992646       0.2916374231
   7.8468131144       0.2909806312
   7.9021139727       0.2902820917
   7.9578045668       0.2895408660
   8.0138876436       0.2887560004
   8.0703659690       0.2879265269
   8.1272423286       0.2870514628
   8.1845195276       0.2861298115
   8.2422003908       0.2851605620
   8.3002877632       0.2841426899
   8.3587845097       0.2830751570
   8.4176935152       0.2819569121
   8.4770176853       0.2807868910
   8.5367599458       0.2795640172
   8.5969232433       0.2782872022
   8.6575105450       0.2769553460
   8.7185248391       0.2755673377
   8.7799691350       0.2741220559
   8.8418464629       0.2726183695
   8.9041598748       0.2710551386
   8.9669124441       0.2694312147
   9.0301072655       0.2677454420
   9.0937474561       0.2659966580
   9.1578361545       0.2641836946
   9.2223765216       0.2623053789
   9.2873717406       0.2603605345
   9.3528250170       0.2583479826
   9.4187395792       0.2562665429
   9.4851186779       0.2541150352
   9.5519655870       0.2518922809
   9.6192836036       0.2495971041
   9.6870760476       0.2472283330
   9.7553462627       0.2447848023
   9.8240976161       0.2422653539
   9.8933334984       0.2396688396
   9.9630573246       0.2369941222
  10.0332725333       0.2342400781
  10.1039825877       0.2314055992
  10.1751909752       0.2284895949
  10.2469012078       0.2254909944
  10.3191168223       0.2224087496
  10.3918413805       0.2192418369
  10.4650784691       0.2159892603
  10.5388317001       0.2126500539
  10.6131047113       0.2092232849
  10.6879011657       0.2057080565
  10.7632247523       0.2021035107
  10.8390791862       0.1984088320
  10.9154682084       0.1946232504
  10.9923955866       0.1907460448
  11.0698651148       0.1867765468
  11.1478806140       0.1827141441
  11.2264459317       0.1785582845
  11.3055649429       0.1743084798
  11.3852415499       0.1699643098
  11.4654796822       0.1655254264
  11.5462832973       0.1609915581
  11.6276563805       0.1563625144
  11.7096029450       0.1516381901
  11.7921270326       0.1468185702
  11.8752327133       0.1419037345
  11.9589240860       0.1368938627
  12.0432052784       0.1317892393
  12.1280804472       0.1265902586
  12.2135537786       0.1212974299
  12.2996294881       0.1159113831
  12.3863118210       0.1104328737
  12.4736050526       0.1048627885
  12.5615134881       0.0992021512
  12.6500414633       0.0934521278
  12.7391933444       0.0876140326
  12.8289735284       0.0816893337
  12.9193864434       0.0756796588
  13.0104365484       0.0695868010
  13.1021283342       0.0634127251
  13.1944663231       0.0571595727
  13.2874550691       0.0508296685
  13.3810991585       0.0444255262
  13.4754032100       0.0379498539
  13.5703718746       0.0314055603
  13.6660098362       0.0247957600
  13.7623218117       0.0181237792
  13.8593125514       0.0113931615
  13.9569868387       0.0046076725
  14.0553494911      -0.0022286940
  14.1544053598      -0.0091117120
  14.2541593304      -0.0160369177
  14.3546163227      -0.0229996053
  14.4557812913      -0.0299948224
  14.5576592257      -0.0370173661
  14.6602551507      -0.0440617794
  14.7635741262      -0.0511223472
  14.8676212480      -0.0581930939
  14.9724016477      -0.0652677804
  15.0779204933      -0.0723399025
  15.1841829889      -0.0794026876
  15.2911943754      -0.0864490951
  15.3989599307      -0.0934718153
  15.5074849698      -0.1004632692
  15.6167748453      -0.1074156090
  15.7268349473      -0.1143207197
  15.8376707041      -0.1211702209
  15.9492875822      -0.1279554694
  16.0616910865      -0.1346675631
  16.1748867609      -0.1412973449
  16.2888801881      -0.1478354086
  16.4036769905      -0.1542721050
  16.5192828298      -0.1605975489
  16.6357034078      -0.1668016277
  16.7529444663      -0.1728740106
  16.8710117879      -0.1788041596
  16.9899111956      -0.1845813405
  17.1096485535      -0.1901946367
  17.2302297673      -0.1956329628
  17.3516607839      -0.2008850806
  17.4739475925      -0.2059396159
  17.5970962243      -0.2107850768
  17.7211127530      -0.2154098739
  17.8460032952      -0.2198023411
  17.9717740105      -0.2239507588
  18.0984311020      -0.2278433782
  18.2259808166      -0.2314684474
  18.3544294450      -0.2348142390
  18.4837833223      -0.2378690790
  18.6140488283      -0.2406213784
  18.7452323879      -0.2430596654
  18.8773404710      -0.2451726194
  19.0103795933      -0.2469491074
  19.1443563163      -0.2483782214
  19.2792772478      -0.2494493176
  19.4151490422      -0.2501520573
  19.5519784008      -0.2504764496
  19.6897720720      -0.2504128951
  19.8285368518      -0.2499522316
  19.9682795843      -0.2490857811
  20.1090071615      -0.2478053985
  20.2507265243      -0.2461035206
  20.3934446623      -0.2439732176
  20.5371686144      -0.2414082449
  20.6819054692      -0.2384030962
  20.8276623652      -0.2349530570
  20.9744464911      -0.2310542594
  21.1222650864      -0.2267037371
  21.2711254416      -0.2218994807
  21.4210348985      -0.2166404935
  21.5720008508      -0.2109268466
  21.7240307442      -0.2047597346
  21.8771320769      -0.1981415298
  22.0313123998      -0.1910758364
  22.1865793172      -0.1835675430
  22.3429404870      -0.1756228742
  22.5004036210      -0.1672494404
  22.6589764853      -0.1584562849
  22.8186669008      -0.1492539296
  22.9794827435      -0.1396544174
  23.1414319450      -0.1296713511
  23.3045224925      -0.1193199296
  23.4687624300      -0.1086169789
  23.6341598576      -0.0975809802
  23.8007229330      -0.0862320916
  23.9684598710      -0.0745921656
  24.1373789446      -0.0626842076
  24.3074884848      -0.0505363882
  24.4787968817      -0.0381646643
  24.6513125841      -0.0255950328
  24.8250441007      -0.0128615436
  25.0000000000       0.0000000000
