  2.00000000000000016E-005   53.830566921650075     
  2.05706612385935037E-005   53.830566763559098     
  2.11576051896486567E-005   53.830566596534887     
  2.17612964488085151E-005   53.830566418967862     
  2.23822128680523850E-005   53.830566234402099     
  2.30208459339396945E-005   53.830566044276573     
  2.36777011566463038E-005   53.830565848122468     
  2.43532984701012298E-005   53.830565645455188     
  2.50481726435404902E-005   53.830565435763937     
  2.57628737048038230E-005   53.830565218511886     
  2.64979673757093843E-005   53.830564993134757     
  2.72540355198510107E-005   53.830564759039170     
  2.80316766031724826E-005   53.830564515600834     
  2.88315061676834260E-005   53.830564262162675     
  2.96541573186917457E-005   53.830563998032851     
  3.05002812259383016E-005   53.830563722482651     
  3.13705476390305045E-005   53.830563434744278     
  3.22656454175827855E-005   53.830563134008486     
  3.31862830764836103E-005   53.830562819422134     
  3.41331893467206418E-005   53.830562490085548     
  3.51071137522079445E-005   53.830562145049747     
  3.61088272030718422E-005   53.830561783313541     
  3.71391226058650269E-005   53.830561403820411     
  3.81988154911919653E-005   53.830561005455259     
  3.92887446592423775E-005   53.830560587040949     
  4.04097728437437191E-005   53.830560147334651     
  4.15627873948583665E-005   53.830559685023985     
  4.27487009815657803E-005   53.830559198722923     
  4.39684523140859557E-005   53.830558686967485     
  4.52230068869157310E-005   53.830558148211168     
  4.65133577430662225E-005   53.830557580820127     
  4.78405262601062624E-005   53.830556983068057     
  4.92055629586341168E-005   53.830556353130802     
  5.06095483338173466E-005   53.830555689080654     
  5.20535937106590435E-005   53.830554988880309     
  5.35388421236674249E-005   53.830554250376494     
  5.50664692216251141E-005   53.830553471293214     
  5.66376841981742858E-005   53.830552649224607     
  5.82537307489541719E-005   53.830551781627406     
  5.99158880560486993E-005   53.830550865812960     
  6.16254718005234070E-005   53.830549898938791     
  6.33838352038531801E-005   53.830548877999661     
  6.51923700990650372E-005   53.830547799818135     
  6.70525080324439613E-005   53.830546661034610     
  6.89657213966737219E-005   53.830545458096736     
  7.09335245963097177E-005   53.830544187248272     
  7.29574752465063733E-005   53.830542844517261     
  7.50391754059476581E-005   53.830541425703558     
  7.71802728449573104E-005   53.830539926365610     
  7.93824623497916919E-005   53.830538341806502     
  8.16474870641483851E-005   53.830536667059171     
  8.39771398689520993E-005   53.830534896870795     
  8.63732648015098833E-005   53.830533025686279     
  8.88377585151595671E-005   53.830531047630778     
  9.13725717805661505E-005   53.830528956491229     
  9.39797110298547206E-005   53.830526745696794     
  9.66612399448025269E-005   53.830524408298217     
  9.94192810903467500E-005   53.830521936945971     
  1.02256017594701363E-004   53.830519323867129     
  1.05173694877412938E-004   53.830516560840962     
  1.08174622426722913E-004   53.830513639173056     
  1.11261175627643807E-004   53.830510549668020     
  1.14435797642195821E-004   53.830507282600550     
  1.17701001343292356E-004   53.830503827684907     
  1.21059371303805283E-004   53.830500174042555     
  1.24513565842384265E-004   53.830496310168023     
  1.28066319127649684E-004   53.830492223892740     
  1.31720443342424451E-004   53.830487902346832     
  1.35478830909718085E-004   53.830483331918707     
  1.39344456782225040E-004   53.830478498212315     
  1.43320380797149215E-004   53.830473386001984     
  1.47409750098218901E-004   53.830467979184611     
  1.51615801626809276E-004   53.830462260729171     
  1.55941864684144371E-004   53.830456212623261     
  1.60391363566606037E-004   53.830449815816657     
  1.64967820276237066E-004   53.830443050161541     
  1.69674857308582444E-004   53.830435894349399     
  1.74516200520076964E-004   53.830428325844210     
  1.79495682077247928E-004   53.830420320811875     
  1.84617243490067286E-004   53.830411854045565     
  1.89884938731855270E-004   53.830402898886803     
  1.95302937448203897E-004   53.830393427142042     
  2.00875528257460877E-004   53.830383408994429     
  2.06607122145387238E-004   53.830372812910568     
  2.12502255956673438E-004   53.830361605541903     
  2.18565595986080873E-004   53.830349751620503     
  2.24801941672048123E-004   53.830337213848857     
  2.31216229395687792E-004   53.830323952783388     
  2.37813536388180937E-004   53.830309926711301     
  2.44599084749660002E-004   53.830295091520405     
  2.51578245582763783E-004   53.830279400561516     
  2.58756543244135833E-004   53.830262804502972     
  2.66139659717229448E-004   53.830245251176883     
  2.73733439109883725E-004   53.830226685416605     
  2.81543892280228963E-004   53.830207048884951     
  2.89577201594582454E-004   53.830186279892615     
  2.97839725821102703E-004   53.830164313206247     
  3.06338005163073711E-004   53.830141079845617     
  3.15078766435804736E-004   53.830116506869253     
  3.24068928391243224E-004   53.830090517147845     
  3.33315607194513896E-004   53.830063029124844     
  3.42826122056722274E-004   53.830033956563383     
  3.52608001028477077E-004   53.830003208278896     
  3.62668986958721473E-004   53.829970687856523     
  3.73017043623587229E-004   53.829936293352525     
  3.83660362030123405E-004   53.829899916978768     
  3.94607366899890296E-004   53.829861444769314     
  4.05866723337550996E-004   53.829820756228180     
  4.17447343689735623E-004   53.829777723957150     
  4.29358394599613094E-004   53.829732213262567     
  4.41609304262749740E-004   53.829684081739892     
  4.54209769889999423E-004   53.829633178834833     
  4.67169765383334320E-004   53.829579345379734     
  4.80499549230688769E-004   53.829522413103795     
  4.94209672626068786E-004   53.829462204115764     
  5.08310987821352918E-004   53.829398530357459     
  5.22814656716393748E-004   53.829331193026647     
  5.37732159694224608E-004   53.829259981967411     
  5.53075304708357815E-004   53.829184675026390     
  5.68856236629375128E-004   53.829105037372869     
  5.85087446858203086E-004   53.829020820780777     
  6.01781783213683813E-004   53.828931762870553     
  6.18952460102269847E-004   53.828837586308580     
  6.36613068977892800E-004   53.828737997961902     
  6.54777589100279675E-004   53.828632688005833     
  6.73460398600240996E-004   53.828521328981765     
  6.92676285860685417E-004   53.828403574802572     
  7.12440461222365478E-004   53.828279059702702     
  7.32768569023629609E-004   53.828147397129939     
  7.53676699983700234E-004   53.828008178575722     
  7.75181403939288055E-004   53.827860972340638     
  7.97299702944620384E-004   53.827705322231644     
  8.20049104745250554E-004   53.827540746187282     
  8.43447616636321530E-004   53.827366734827073     
  8.67513759716242484E-004   53.827182749920965     
  8.92266583547071082E-004   53.826988222774588     
  9.17725681233199394E-004   53.826782552525842     
  9.43911204930279637E-004   53.826565104348035     
  9.70843881796669200E-004   53.826335207554671     
  9.98545030400019729E-004   53.826092153600634     
  1.02703657759199295E-003   53.825835193974321     
  1.05634107586446654E-003   53.825563537974979     
  1.08648172120096704E-003   53.825276350369180     
  1.11748237143745387E-003   53.824972748920196     
  1.14936756514699896E-003   53.824651801783531     
  1.18216254106329839E-003   53.824312524761751     
  1.21589325805839974E-003   53.823953878411274     
  1.25058641569045356E-003   53.823574764993467     
  1.28626947533775965E-003   53.823174025262070     
  1.32297068193582283E-003   53.822750435078575     
  1.36071908633464238E-003   53.822302701846745     
  1.39954456829391991E-003   53.821829460757101     
  1.43947786013439078E-003   53.821329270831782     
  1.48055057106400031E-003   53.820800610759726     
  1.52279521219818542E-003   53.820241874511638     
  1.56624522229404923E-003   53.819651366723782     
  1.61093499421882322E-003   53.819027297839170     
  1.65689990217354971E-003   53.818367778994102     
  1.70417632969353913E-003   53.817670816637616     
  1.75280169844777142E-003   53.816934306870849     
  1.80281449786002146E-003   53.816156029492639     
  1.85425431557517759E-003   53.815333641737297     
  1.90716186879485191E-003   53.814464671689812     
  1.96157903650708877E-003   53.813546511363114     
  2.01754889263569808E-003   53.812576409421482     
  2.07511574013542017E-003   53.811551463533533     
  2.13432514605994784E-003   53.810468612337594     
  2.19522397763053951E-003   53.809324627001544     
  2.25786043933377725E-003   53.808116102358667     
  2.32228411107785176E-003   53.806839447600311     
  2.38854598743753685E-003   53.805490876505473     
  2.45669851801896951E-003   53.804066397186759     
  2.52679564897614591E-003   53.802561801331514     
  2.59889286571201618E-003   53.800972652916187     
  2.67304723679796579E-003   53.799294276371327     
  2.74931745914646936E-003   53.797521744173928     
  2.82776390447263314E-003   53.795649863843181     
  2.90844866708145052E-003   53.793673164315024     
  2.99143561301856709E-003   53.791585881670258     
  3.07679043062345902E-003   53.789381944190339     
  3.16458068252507049E-003   53.787054956714435     
  3.25487585912101213E-003   53.784598184270706     
  3.34774743358271648E-003   53.782004534954304     
  3.44326891843004359E-003   53.779266542024125     
  3.54151592372013366E-003   53.776376345189874     
  3.64256621689656784E-003   53.773325671060697     
  3.74649978434621984E-003   53.770105812726413     
  3.85339889471248602E-003   53.766707608442026     
  3.96334816401505870E-003   53.763121419386280     
  4.07643462262776562E-003   53.759337106464947     
  4.19274778416747155E-003   53.755344006129612     
  4.31237971634863045E-003   53.751130905183068     
  4.43542511385948152E-003   53.746686014542853     
  4.56198137331767072E-003   53.741996941934929     
  4.69214867036456870E-003   53.737050663490358     
  4.82603003895931953E-003   53.731833494218797     
  4.96373145293541908E-003   53.726331057333709     
  5.10536190988430168E-003   53.720528252405742     
  5.25103351743243501E-003   53.714409222322338     
  5.40086158198013581E-003   53.707957319033625     
  5.55496469997237251E-003   53.701155068066996     
  5.71346485177384473E-003   53.693984131795339     
  5.87648749822252976E-003   53.686425271446957     
  6.04416167993827597E-003   53.678458307848594     
  6.21662011946492402E-003   53.670062080896898     
  6.39399932632688222E-003   53.661214407757910     
  6.57643970508326250E-003   53.651892039798994     
  6.76408566646517859E-003   53.642070618263077     
  6.95708574168405706E-003   53.631724628700866     
  7.15559270000158936E-003   53.620827354183440     
  7.35976366965426614E-003   53.609350827324711     
  7.56976026222827905E-003   53.597265781151215     
  7.78574870058323237E-003   53.584541598865364     
  8.00789995042586189E-003   53.571146262557782     
  8.23638985563800684E-003   53.557046300934495     
  8.47139927746587418E-003   53.542206736136094     
  8.71311423768081350E-003   53.526591029737880     
  8.96172606582488693E-003   53.510161028033146     
  9.21743155065785254E-003   53.492876906715757     
  9.48043309592531622E-003   53.474697115093214     
  9.75093888057149485E-003   53.455578319977612     
  1.00291630235233194E-002   53.435475349419093     
  1.03153257531763097E-002   53.414341136464898     
  1.06096535817164616E-002   53.392126663146591     
  1.09123794844159794E-002   53.368780904918850     
  1.12237430840449372E-002   53.344250775795253     
  1.15439908405447558E-002   53.318481074449529     
  1.18733762461136136E-002   53.291414431575291     
  1.22121600258583048E-002   53.262991258822758     
  1.25606103441712261E-002   53.233149699657787     
  1.29190030169959811E-002   53.201825582516406     
  1.32876217301495896E-002   53.168952376656982     
  1.36667582638740331E-002   53.134461151142240     
  1.40567127237950507E-002   53.098280537414112     
  1.44577937784707497E-002   53.060336695956224     
  1.48703189037183263E-002   53.020553287571126     
  1.52946146339121430E-002   52.978851449832284     
  1.57310168204520748E-002   52.935149779304119     
  1.61798708976067795E-002   52.889364320156645     
  1.66415321559423429E-002   52.841408559834449     
  1.71163660235525289E-002   52.791193432472582     
  1.76047483553135424E-002   52.738627330783906     
  1.81070657303920510E-002   52.683616127173252     
  1.86237157582420133E-002   52.626063204863321     
  1.91551073933325967E-002   52.565869499844503     
  1.97016612588561367E-002   52.502933554485807     
  2.02638099796725625E-002   52.437151583666115     
  2.08419985247537271E-002   52.368417554303207     
  2.14366845593987297E-002   52.296623279172273     
  2.20483388074989399E-002   52.221658525914677     
  2.26774454241397694E-002   52.143411142141488     
  2.33245023788335830E-002   52.061767197533122     
  2.39900218496876989E-002   51.976611143826489     
  2.46745306288190941E-002   51.887825993562494     
  2.53785705393368352E-002   51.795293518439422     
  2.61026988642223678E-002   51.698894468080148     
  2.68474887874468847E-002   51.598508809972785     
  2.76135298476753686E-002   51.494015991283739     
  2.84014284049160272E-002   51.385295223168789     
  2.92118081204847044E-002   51.272225788120174     
  3.00453104506642824E-002   51.154687370785361     
  3.09025951544494026E-002   51.032560412574512     
  3.17843408157789872E-002   50.905726490238607     
  3.26912453806695105E-002   50.774068718447083     
  3.36240267096743414E-002   50.637472176222580     
  3.45834231461065247E-002   50.495824356899924     
  3.55701941004745517E-002   50.349015641066664     
  3.65851206515939581E-002   50.196939791712843     
  3.76290061648505286E-002   50.039494470567952     
  3.87026769281043348E-002   49.876581774333943     
  3.98069828057381128E-002   49.708108789234423     
  4.09427979113677551E-002   49.533988161993022     
  4.21110212997469965E-002   49.354138685029191     
  4.33125776784145378E-002   49.168485893319030     
  4.45484181396466131E-002   48.976962670013776     
  4.58195209132941789E-002   48.779509857541896     
  4.71268921411012454E-002   48.576076870545016     
  4.84715666731164105E-002   48.366622306616506     
  4.98546088868288204E-002   48.151114550428439     
  5.12771135296764477E-002   47.929532366452030     
  5.27402065855936894E-002   47.701865475103865     
  5.42450461662842484E-002   47.468115106790691     
  5.57928234279249299E-002   47.228294527985234     
  5.73847635140253484E-002   46.982429533151567     
  5.90221265251907948E-002   46.730558896057794     
  6.07062085165551366E-002   46.472734773774121     
  6.24383425236737788E-002   46.209023056464055     
  6.42198996176880366E-002   45.939503655943369     
  6.60522899905970490E-002   45.664270725915159     
  6.79369640714956313E-002   45.383432806797643     
  6.98754136746617266E-002   45.097112888153909     
  7.18691731804025347E-002   44.805448381917493     
  7.39198207495935095E-002   44.508590999893315     
  7.60289795728721490E-002   44.206706529407199     
  7.81983191554747742E-002   43.899974501486241     
  8.04295566387344535E-002   43.588587746582320     
  8.27244581592837674E-002   43.272751833606527     
  8.50848402470414517E-002   42.952684388926720     
  8.75125712630867997E-002   42.628614292994286     
  9.00095728785615806E-002   42.300780753409619     
  9.25778215957691886E-002   41.969432254504902     
  9.52193503126756990E-002   41.634825384912290     
  9.79362499320507174E-002   41.297223546087139     
  0.10073067101652206        40.956895546357742     
  0.10360482549085423        40.614114086761248     
  0.10656098839279776        40.269154146681899     
  0.10960149967389686        39.922291279112002     
  0.11272876605167743        39.573799827183898     
  0.11594526291468582        39.223951075445733     
  0.11925353628188304        38.873011351145493     
  0.12265620481794676        38.521240092513771     
  0.12615596190607617        38.168887902662433     
  0.12975557777993998        37.816194609207344     
  0.13345790171645580        37.463387351043345     
  0.13726586429113594        37.110678714802162     
  0.14118247969778508        36.758264944416254     
  0.14521084813438709        36.406324247789733     
  0.14935415825706622        36.055015224711944     
  0.15361568970406958        35.704475440326988     
  0.15799881569176558        35.354820167895163     
  0.16250700568471405        35.006141323754882     
  0.16714382814192208        34.658506616200988     
  0.17191295334145854        34.311958928361342     
  0.17681815628566372        33.966515953120506     
  0.18186331968925357        33.622170095707794     
  0.18705243705268337        33.278888656753118     
  0.19238961582320391        32.936614305442575     
  0.19787908064611381        32.595265848908667     
  0.20352517670877657        32.254739300207753     
  0.20933237318005618        31.914909243218172     
  0.21530526674788861        31.575630488591415     
  0.22144858525779137        31.236740010567512     
  0.22776719145519086        30.898059150092557     
  0.23426608683453001        30.559396065322733     
  0.24095041559820232        30.220548406341958     
  0.24782546872844682        29.881306186837246     
  0.25489668817542593        29.541454821646283     
  0.26216967116480450        29.200778295593739     
  0.26965017462823238        28.859062425941676     
  0.27734411976024753        28.516098178166615     
  0.28525759670519790        28.171684992705707     
  0.29339686937789761        27.825634078844381     
  0.30176838042183002        27.477771631095035     
  0.31037875630882383        27.127941923277632     
  0.31923481258423908        26.776010236082950     
  0.32834355926181347        26.421865575189830     
  0.33771220637244076        26.065423139017351     
  0.34734816967127230        25.706626497906502     
  0.35725907650766198        25.345449449914966     
  0.36745277186259367        24.981897522431382     
  0.37793732455837986        24.616009093417759     
  0.38872103364553989        24.247856111205010     
  0.39981243497191549        23.877544397320943     
  0.41122030793922337        23.505213522737655     
  0.42295368245239329        23.131036254093800     
  0.43502184606719163        22.755217572778694     
  0.44743435134178844        22.377993276157273     
  0.46020102339808777        21.999628176562901     
  0.47333196769880448        21.620413919883404     
  0.48683757804644945        21.240666451509796     
  0.50072854481054185        20.860723163004678     
  0.51501586338957728        20.480939757980011     
  0.52971084291443715        20.101686880258836     
  0.54482511520013532        19.723346551346399     
  0.56037064395298319        19.346308467474920     
  0.57635973424046560        18.970966208944038     
  0.59280504223131991        18.597713416097594     
  0.60971958521352998        18.226939987010336     
  0.62711675189816352        17.859028351771748     
  0.64501031301720935        17.494349877130396     
  0.66341443222380858        17.133261453192414     
  0.68234367730349088        16.776102310877590     
  0.70181303170531373        16.423191114960794     
  0.72183790640201451        16.074823372749382     
  0.74243415208857033        15.731269192982191     
  0.76361807172881946        15.392771423307890     
  0.78540643346007688        15.059544187948235     
  0.80781648386595861        14.731771839954598     
  0.83086596162791848        14.409608334975724     
  0.85457311156630555        14.093177025851150     
  0.87895669908206220        13.782570869803518     
  0.90403602501047364        13.477853032698295     
  0.92983094089875484        13.179057867995732     
  0.95636186471954709        12.886192241746304     
  0.98364979703276967        12.599237169374131     
   1.0117163376086182        12.318149725777653     
   1.0405837025248690        12.042865186412126     
   1.0702747417520218        11.773299354113096     
   1.1008129572401995        11.509351024945232     
   1.1322225215221229        11.250904546036297     
   1.1645282968468846        10.997832418721247     
   1.1977558548596758        10.749997901602933     
   1.2319314968430179        10.507257570226097     
   1.2670822745355574        10.269463792841561     
   1.3032360115448742        10.036467085132704     
   1.3404213253712669        9.8081183106961571     
   1.3786676500599429        9.5842706984285115     
   1.4180052594995427        9.3647816526848331     
   1.4584652913854486        9.1495143370537555     
   1.5000797718668311        8.9383390177442994     
   1.5428816408969579        8.7311341578021100     
   1.5869047783068295        8.5277872585649064     
   1.6321840306227560        8.3281954498237969     
   1.6787552386491418        8.1322658349760051     
   1.7266552658382845        7.9399156019373711     
   1.7759220274696481        7.7510719146407796     
   1.8265945206617140        7.5656716035020475     
   1.8787128552401600        7.3836606762251940     
   1.9323182854868046        7.2049936726980031     
   1.9874532427944431        7.0296328894676652     
   2.0441613692534308        6.8575475003736868     
   2.1024875521965849        6.6887126003572916     
   2.1624779597297814        6.5231081992850166     
   2.2241800772763090        6.3607181918555957     
   2.2876427451639838        6.2015293283521880     
   2.3529161972847197        6.0455302092167971     
   2.4200521008571805        5.8927103242235352     
   2.4891035973239792        5.7430591544920402     
   2.5601253444158014        5.5965653528011323     
   2.6331735594157486        5.4532160146666016     
   2.7083060636581413        5.3129960495841457     
   2.7855823282970142        5.1758876587489508     
   2.8650635213805167        5.0418699224838255     
   2.9468125562685201        4.9109184981540261     
   3.0308941414316748        4.7830054242504740     
   3.1173748316714338        4.6580990304152072     
   3.2063230808015257        4.5361639420675974     
   3.2978092958325833        4.4171611722098776     
   3.3919058927028325        4.3010482911557437     
   3.4886873535989524        4.1877796627671531     
   3.5882302859124660        4.0773067356012982     
   3.6906134828783430        3.9695783771653996     
   3.7959179859438046        3.8645412396259418     
   3.9042271489167009        3.7621401457785848     
   4.0156267039442604        3.6623184848020727     
   4.1302048293743594        3.5650186082345261     
   4.2480522195531414        3.4701822176619137     
   4.3692621566141456        3.3777507367374411     
   4.4939305843158026        3.2876656613052275     
   4.6221561839857470        3.1998688825401675     
   4.7540404526320446        3.1143029791080550     
   4.8896877832831747        3.0309114753769966     
   5.0292055476203705        2.9496390636638248     
   5.1727041809676786        2.8704317893759814     
   5.3202972697071198        2.7932371987132418     
   5.4721016411879546        2.7180044493297979     
   5.6282374562014477        2.6446843850306743     
   5.7888283040941619        2.5732295761906907     
   5.9540013005951380        2.5035943281401041     
   6.1238871884343844        2.4357346602567618     
   6.2986204408323285        2.3696082589353762     
   6.4783393679421142        2.3051744079635004     
   6.6631862263290600        2.2423939001127073     
   6.8533073315738662        2.1812289339436290     
   7.0488531740887481        2.1216429999169972     
   7.2499785382382100        2.0636007598934962     
   7.4568426248585764        2.0070679239898879     
   7.6696091772735082        1.9520111285378399     
   7.8884466109050582        1.8983978185708628     
   8.1135281465829490        1.8461961378512526     
   8.3450319476575636        1.7953748289612628     
   8.5831412610251938        1.7459031454199845     
   8.8280445621771761        1.6977507773318326     
   9.0799357043877116        1.6508877907873931     
   9.3390140721584594        1.6052845832950802     
   9.6054847390414633        1.5609118496670014     
   9.8795586299650839        1.5177405659863332     
   10.161452688191734        1.4757419842091801     
   10.451390047039375        1.4348876308147065     
   10.749600206502739        1.3951493165463087     
   11.056319214914133        1.3564991578885048     
   11.371789855787533        1.3189096047509448     
   11.696261839993971        1.2823534706748123     
   12.029992003420217        1.2468039637363326     
   12.373244510267304        1.2122347167900338     
   12.726291062149752        1.1786198159238324     
   13.089411113161143        1.1459338262431127     
   13.462892091075949        1.1141518143469440     
   13.847029624863154        1.0832493670935945     
   14.242127778691421        1.0532026064643578     
   14.648499292611172        1.0239882005171150     
   15.066465830104050       0.99558337056973401     
   15.496358232695743       0.96796589486687112     
   15.938516781833684       0.94111410906294324     
   16.393291468236910       0.91500690390181272     
   16.861042268931332       0.88962372049428673     
   17.342139432189590       0.86494454359282014     
   17.836963770601315       0.84094989324406089     
   18.345906962505257       0.81762081516913521     
   18.869371862022479       0.79493887018340947     
   19.407772817935637       0.77288612292576953     
   19.961536001666861       0.75144513012532022     
   20.531099744613865       0.73059892859297826     
   21.116914885111271       0.71033102309025820     
   21.719445125291831       0.69062537425425419     
   22.339167398129963       0.67146638604157050     
   22.976572244958184       0.65283889346425439     
   23.632164203755192       0.63472815568945962     
   24.306462208513196       0.61711983715780483     
   25.000000000000011       0.59999999999999976     
