          0.0000200000          0.0938737539          0.0625825026          0.1564562565
          0.0000205707          0.0938737196          0.0625824797          0.1564561994
          0.0000211576          0.0938736844          0.0625824562          0.1564561406
          0.0000217613          0.0938736481          0.0625824321          0.1564560801
          0.0000223822          0.0938736108          0.0625824072          0.1564560180
          0.0000230208          0.0938735724          0.0625823816          0.1564559540
          0.0000236777          0.0938735329          0.0625823553          0.1564558882
          0.0000243533          0.0938734924          0.0625823282          0.1564558206
          0.0000250482          0.0938734506          0.0625823004          0.1564557510
          0.0000257629          0.0938734077          0.0625822718          0.1564556794
          0.0000264980          0.0938733635          0.0625822423          0.1564556058
          0.0000272540          0.0938733181          0.0625822121          0.1564555301
          0.0000280317          0.0938732714          0.0625821809          0.1564554523
          0.0000288315          0.0938732233          0.0625821489          0.1564553722
          0.0000296542          0.0938731739          0.0625821159          0.1564552898
          0.0000305003          0.0938731231          0.0625820820          0.1564552051
          0.0000313705          0.0938730708          0.0625820472          0.1564551179
          0.0000322656          0.0938730170          0.0625820113          0.1564550283
          0.0000331863          0.0938729617          0.0625819745          0.1564549361
          0.0000341332          0.0938729048          0.0625819365          0.1564548413
          0.0000351071          0.0938728463          0.0625818975          0.1564547438
          0.0000361088          0.0938727861          0.0625818574          0.1564546435
          0.0000371391          0.0938727242          0.0625818161          0.1564545403
          0.0000381988          0.0938726605          0.0625817737          0.1564544342
          0.0000392887          0.0938725951          0.0625817300          0.1564543251
          0.0000404098          0.0938725277          0.0625816851          0.1564542128
          0.0000415628          0.0938724584          0.0625816390          0.1564540974
          0.0000427487          0.0938723872          0.0625815915          0.1564539786
          0.0000439685          0.0938723139          0.0625815426          0.1564538565
          0.0000452230          0.0938722385          0.0625814924          0.1564537309
          0.0000465134          0.0938721610          0.0625814407          0.1564536017
          0.0000478405          0.0938720813          0.0625813875          0.1564534688
          0.0000492056          0.0938719993          0.0625813328          0.1564533321
          0.0000506095          0.0938719149          0.0625812766          0.1564531915
          0.0000520536          0.0938718282          0.0625812188          0.1564530469
          0.0000535388          0.0938717389          0.0625811593          0.1564528982
          0.0000550665          0.0938716472          0.0625810981          0.1564527453
          0.0000566377          0.0938715528          0.0625810352          0.1564525879
          0.0000582537          0.0938714557          0.0625809704          0.1564524261
          0.0000599159          0.0938713558          0.0625809039          0.1564522597
          0.0000616255          0.0938712531          0.0625808354          0.1564520885
          0.0000633838          0.0938711475          0.0625807650          0.1564519124
          0.0000651924          0.0938710388          0.0625806925          0.1564517314
          0.0000670525          0.0938709271          0.0625806180          0.1564515451
          0.0000689657          0.0938708121          0.0625805414          0.1564513535
          0.0000709335          0.0938706939          0.0625804626          0.1564511565
          0.0000729575          0.0938705723          0.0625803815          0.1564509538
          0.0000750392          0.0938704472          0.0625802982          0.1564507454
          0.0000771803          0.0938703186          0.0625802124          0.1564505310
          0.0000793825          0.0938701863          0.0625801242          0.1564503105
          0.0000816475          0.0938700502          0.0625800335          0.1564500837
          0.0000839771          0.0938699103          0.0625799402          0.1564498505
          0.0000863733          0.0938697663          0.0625798442          0.1564496106
          0.0000888378          0.0938696183          0.0625797455          0.1564493638
          0.0000913726          0.0938694660          0.0625796440          0.1564491100
          0.0000939797          0.0938693094          0.0625795396          0.1564488489
          0.0000966612          0.0938691483          0.0625794322          0.1564485804
          0.0000994193          0.0938689826          0.0625793217          0.1564483043
          0.0001022560          0.0938688122          0.0625792081          0.1564480203
          0.0001051737          0.0938686369          0.0625790912          0.1564477281
          0.0001081746          0.0938684566          0.0625789711          0.1564474276
          0.0001112612          0.0938682712          0.0625788474          0.1564471186
          0.0001144358          0.0938680804          0.0625787203          0.1564468007
          0.0001177010          0.0938678843          0.0625785895          0.1564464738
          0.0001210594          0.0938676825          0.0625784550          0.1564461375
          0.0001245136          0.0938674750          0.0625783167          0.1564457917
          0.0001280663          0.0938672616          0.0625781744          0.1564454360
          0.0001317204          0.0938670421          0.0625780280          0.1564450701
          0.0001354788          0.0938668163          0.0625778775          0.1564446938
          0.0001393445          0.0938665841          0.0625777227          0.1564443068
          0.0001433204          0.0938663452          0.0625775635          0.1564439087
          0.0001474098          0.0938660995          0.0625773997          0.1564434992
          0.0001516158          0.0938658469          0.0625772312          0.1564430781
          0.0001559419          0.0938655870          0.0625770580          0.1564426450
          0.0001603914          0.0938653197          0.0625768798          0.1564421995
          0.0001649678          0.0938650448          0.0625766965          0.1564417413
          0.0001696749          0.0938647620          0.0625765080          0.1564412700
          0.0001745162          0.0938644711          0.0625763141          0.1564407852
          0.0001794957          0.0938641720          0.0625761147          0.1564402867
          0.0001846172          0.0938638643          0.0625759096          0.1564397739
          0.0001898849          0.0938635479          0.0625756986          0.1564392465
          0.0001953029          0.0938632224          0.0625754816          0.1564387040
          0.0002008755          0.0938628877          0.0625752584          0.1564381461
          0.0002066071          0.0938625434          0.0625750289          0.1564375723
          0.0002125023          0.0938621892          0.0625747928          0.1564369820
          0.0002185656          0.0938618250          0.0625745500          0.1564363750
          0.0002248019          0.0938614504          0.0625743002          0.1564357506
          0.0002312162          0.0938610651          0.0625740434          0.1564351084
          0.0002378135          0.0938606687          0.0625737792          0.1564344479
          0.0002445991          0.0938602611          0.0625735074          0.1564337686
          0.0002515782          0.0938598419          0.0625732279          0.1564330698
          0.0002587565          0.0938594107          0.0625729405          0.1564323512
          0.0002661397          0.0938589672          0.0625726448          0.1564316120
          0.0002737334          0.0938585110          0.0625723407          0.1564308517
          0.0002815439          0.0938580419          0.0625720279          0.1564300698
          0.0002895772          0.0938575593          0.0625717062          0.1564292655
          0.0002978397          0.0938570630          0.0625713753          0.1564284383
          0.0003063380          0.0938565525          0.0625710350          0.1564275875
          0.0003150788          0.0938560275          0.0625706850          0.1564267125
          0.0003240689          0.0938554875          0.0625703250          0.1564258124
          0.0003333156          0.0938549320          0.0625699547          0.1564248867
          0.0003428261          0.0938543608          0.0625695738          0.1564239346
          0.0003526080          0.0938537732          0.0625691821          0.1564229553
          0.0003626690          0.0938531689          0.0625687793          0.1564219481
          0.0003730170          0.0938525473          0.0625683649          0.1564209122
          0.0003836604          0.0938519080          0.0625679387          0.1564198467
          0.0003946074          0.0938512505          0.0625675003          0.1564187508
          0.0004058667          0.0938505742          0.0625670495          0.1564176237
          0.0004174473          0.0938498786          0.0625665857          0.1564164644
          0.0004293584          0.0938491632          0.0625661088          0.1564152720
          0.0004416093          0.0938484274          0.0625656182          0.1564140456
          0.0004542098          0.0938476705          0.0625651137          0.1564127842
          0.0004671698          0.0938468921          0.0625645948          0.1564114869
          0.0004804995          0.0938460915          0.0625640610          0.1564101525
          0.0004942097          0.0938452681          0.0625635121          0.1564087801
          0.0005083110          0.0938444211          0.0625629474          0.1564073686
          0.0005228147          0.0938435501          0.0625623667          0.1564059168
          0.0005377322          0.0938426541          0.0625617694          0.1564044235
          0.0005530753          0.0938417326          0.0625611551          0.1564028877
          0.0005688562          0.0938407848          0.0625605232          0.1564013081
          0.0005850874          0.0938398100          0.0625598734          0.1563996834
          0.0006017818          0.0938388074          0.0625592049          0.1563980124
          0.0006189525          0.0938377762          0.0625585175          0.1563962937
          0.0006366131          0.0938367156          0.0625578104          0.1563945260
          0.0006547776          0.0938356247          0.0625570831          0.1563927079
          0.0006734604          0.0938345027          0.0625563352          0.1563908379
          0.0006926763          0.0938333487          0.0625555658          0.1563889146
          0.0007124405          0.0938321618          0.0625547746          0.1563869364
          0.0007327686          0.0938309411          0.0625539607          0.1563849018
          0.0007536767          0.0938296855          0.0625531237          0.1563828092
          0.0007751814          0.0938283942          0.0625522628          0.1563806569
          0.0007972997          0.0938270660          0.0625513773          0.1563784433
          0.0008200491          0.0938256999          0.0625504666          0.1563761665
          0.0008434476          0.0938242949          0.0625495299          0.1563738248
          0.0008675138          0.0938228498          0.0625485665          0.1563714163
          0.0008922666          0.0938213634          0.0625475756          0.1563689391
          0.0009177257          0.0938198347          0.0625465565          0.1563663912
          0.0009439112          0.0938182625          0.0625455083          0.1563637708
          0.0009708439          0.0938166453          0.0625444302          0.1563610756
          0.0009985450          0.0938149821          0.0625433214          0.1563583035
          0.0010270366          0.0938132714          0.0625421810          0.1563554524
          0.0010563411          0.0938115120          0.0625410080          0.1563525200
          0.0010864817          0.0938097024          0.0625398016          0.1563495040
          0.0011174824          0.0938078412          0.0625385608          0.1563464020
          0.0011493676          0.0938059269          0.0625372846          0.1563432115
          0.0011821625          0.0938039581          0.0625359720          0.1563399301
          0.0012158933          0.0938019331          0.0625346220          0.1563365551
          0.0012505864          0.0937998504          0.0625332336          0.1563330839
          0.0012862695          0.0937977083          0.0625318055          0.1563295138
          0.0013229707          0.0937955051          0.0625303367          0.1563258418
          0.0013607191          0.0937932391          0.0625288261          0.1563220652
          0.0013995446          0.0937909085          0.0625272724          0.1563181809
          0.0014394779          0.0937885115          0.0625256744          0.1563141859
          0.0014805506          0.0937860462          0.0625240308          0.1563100770
          0.0015227952          0.0937835106          0.0625223404          0.1563058509
          0.0015662452          0.0937809027          0.0625206018          0.1563015044
          0.0016109350          0.0937782204          0.0625188136          0.1562970341
          0.0016568999          0.0937754618          0.0625169745          0.1562924363
          0.0017041763          0.0937726244          0.0625150830          0.1562877074
          0.0017528017          0.0937697063          0.0625131375          0.1562828438
          0.0018028145          0.0937667049          0.0625111366          0.1562778415
          0.0018542543          0.0937636180          0.0625090787          0.1562726967
          0.0019071619          0.0937604432          0.0625069621          0.1562674053
          0.0019615790          0.0937571778          0.0625047852          0.1562619630
          0.0020175489          0.0937538194          0.0625025463          0.1562563657
          0.0020751157          0.0937503653          0.0625002436          0.1562506089
          0.0021343251          0.0937468128          0.0624978752          0.1562446881
          0.0021952240          0.0937431591          0.0624954394          0.1562385985
          0.0022578604          0.0937394013          0.0624929342          0.1562323354
          0.0023222841          0.0937355364          0.0624903576          0.1562258939
          0.0023885460          0.0937315613          0.0624877076          0.1562192689
          0.0024566985          0.0937274731          0.0624849821          0.1562124551
          0.0025267956          0.0937232684          0.0624821789          0.1562054473
          0.0025988929          0.0937189439          0.0624792959          0.1561982398
          0.0026730472          0.0937144962          0.0624763308          0.1561908270
          0.0027493175          0.0937099218          0.0624732812          0.1561832030
          0.0028277639          0.0937052172          0.0624701448          0.1561753619
          0.0029084487          0.0937003785          0.0624669190          0.1561672975
          0.0029914356          0.0936954021          0.0624636014          0.1561590034
          0.0030767904          0.0936902839          0.0624601893          0.1561504732
          0.0031645807          0.0936850200          0.0624566800          0.1561417000
          0.0032548759          0.0936796062          0.0624530708          0.1561326770
          0.0033477474          0.0936740382          0.0624493588          0.1561233971
          0.0034432689          0.0936683118          0.0624455412          0.1561138529
          0.0035415159          0.0936624223          0.0624416148          0.1561040371
          0.0036425662          0.0936563651          0.0624375767          0.1560939418
          0.0037464998          0.0936501355          0.0624334237          0.1560835592
          0.0038533989          0.0936437286          0.0624291524          0.1560728811
          0.0039633482          0.0936371394          0.0624247596          0.1560618990
          0.0040764346          0.0936303626          0.0624202417          0.1560506044
          0.0041927478          0.0936233930          0.0624155953          0.1560389883
          0.0043123797          0.0936162250          0.0624108167          0.1560270417
          0.0044354251          0.0936088531          0.0624059021          0.1560147552
          0.0045619814          0.0936012715          0.0624008477          0.1560021192
          0.0046921487          0.0935934742          0.0623956495          0.1559891236
          0.0048260300          0.0935854551          0.0623903034          0.1559757584
          0.0049637315          0.0935772078          0.0623848052          0.1559620131
          0.0051053619          0.0935687261          0.0623791507          0.1559478768
          0.0052510335          0.0935600031          0.0623733354          0.1559333384
          0.0054008616          0.0935510320          0.0623673547          0.1559183867
          0.0055549647          0.0935418059          0.0623612039          0.1559030099
          0.0057134649          0.0935323175          0.0623548783          0.1558871959
          0.0058764875          0.0935225594          0.0623483729          0.1558709323
          0.0060441617          0.0935125239          0.0623416826          0.1558542065
          0.0062166201          0.0935022031          0.0623348021          0.1558370052
          0.0063939993          0.0934915891          0.0623277261          0.1558193152
          0.0065764397          0.0934806735          0.0623204490          0.1558011225
          0.0067640857          0.0934694478          0.0623129652          0.1557824130
          0.0069570857          0.0934579031          0.0623052688          0.1557631719
          0.0071555927          0.0934460306          0.0622973537          0.1557433843
          0.0073597637          0.0934338208          0.0622892139          0.1557230347
          0.0075697603          0.0934212644          0.0622808429          0.1557021073
          0.0077857487          0.0934083514          0.0622722343          0.1556805857
          0.0080079000          0.0933950719          0.0622633812          0.1556584531
          0.0082363899          0.0933814154          0.0622542769          0.1556356923
          0.0084713993          0.0933673713          0.0622449142          0.1556122855
          0.0087131142          0.0933529287          0.0622352858          0.1555882145
          0.0089617261          0.0933380764          0.0622253842          0.1555634606
          0.0092174316          0.0933228027          0.0622152018          0.1555380045
          0.0094804331          0.0933070958          0.0622047305          0.1555118264
          0.0097509389          0.0932909435          0.0621939624          0.1554849059
          0.0100291630          0.0932743333          0.0621828889          0.1554572222
          0.0103153258          0.0932572522          0.0621715015          0.1554287537
          0.0106096536          0.0932396870          0.0621597914          0.1553994784
          0.0109123795          0.0932216241          0.0621477494          0.1553693735
          0.0112237431          0.0932030494          0.0621353663          0.1553384157
          0.0115439908          0.0931839486          0.0621226324          0.1553065810
          0.0118733762          0.0931643069          0.0621095379          0.1552738448
          0.0122121600          0.0931441091          0.0620960727          0.1552401818
          0.0125606103          0.0931233395          0.0620822263          0.1552055658
          0.0129190030          0.0931019821          0.0620679881          0.1551699702
          0.0132876217          0.0930800204          0.0620533470          0.1551333674
          0.0136667583          0.0930574376          0.0620382917          0.1550957293
          0.0140567127          0.0930342160          0.0620228107          0.1550570267
          0.0144577938          0.0930103380          0.0620068920          0.1550172299
          0.0148703189          0.0929857850          0.0619905233          0.1549763083
          0.0152946146          0.0929605382          0.0619736921          0.1549342303
          0.0157310168          0.0929345782          0.0619563855          0.1548909636
          0.0161798709          0.0929078850          0.0619385900          0.1548464750
          0.0166415322          0.0928804382          0.0619202921          0.1548007303
          0.0171163660          0.0928522167          0.0619014778          0.1547536945
          0.0176047484          0.0928231989          0.0618821326          0.1547053315
          0.0181070657          0.0927933626          0.0618622418          0.1546556044
          0.0186237158          0.0927626850          0.0618417900          0.1546044750
          0.0191551074          0.0927311427          0.0618207618          0.1545519044
          0.0197016613          0.0926987115          0.0617991410          0.1544978525
          0.0202638100          0.0926653668          0.0617769112          0.1544422780
          0.0208419985          0.0926310832          0.0617540555          0.1543851386
          0.0214366846          0.0925958346          0.0617305564          0.1543263910
          0.0220483388          0.0925595942          0.0617063962          0.1542659904
          0.0226774454          0.0925223346          0.0616815564          0.1542038911
          0.0233245024          0.0924840275          0.0616560184          0.1541400459
          0.0239900218          0.0924446440          0.0616297627          0.1540744066
          0.0246745306          0.0924041542          0.0616027695          0.1540069236
          0.0253785705          0.0923625276          0.0615750184          0.1539375460
          0.0261026989          0.0923197328          0.0615464885          0.1538662214
          0.0268474888          0.0922757377          0.0615171584          0.1537928961
          0.0276135298          0.0922305091          0.0614870060          0.1537175151
          0.0284014284          0.0921840131          0.0614560087          0.1536400218
          0.0292118081          0.0921362149          0.0614241433          0.1535603582
          0.0300453105          0.0920870787          0.0613913858          0.1534784645
          0.0309025952          0.0920365679          0.0613577119          0.1533942798
          0.0317843408          0.0919846447          0.0613230965          0.1533077412
          0.0326912454          0.0919312706          0.0612875137          0.1532187843
          0.0336240267          0.0918764058          0.0612509372          0.1531273430
          0.0345834231          0.0918200098          0.0612133398          0.1530333496
          0.0355701941          0.0917620407          0.0611746938          0.1529367344
          0.0365851207          0.0917024557          0.0611349705          0.1528374262
          0.0376290062          0.0916412110          0.0610941407          0.1527353516
          0.0387026769          0.0915782614          0.0610521743          0.1526304357
          0.0398069828          0.0915135608          0.0610090405          0.1525226014
          0.0409427979          0.0914470618          0.0609647079          0.1524117697
          0.0421110213          0.0913787158          0.0609191438          0.1522978596
          0.0433125777          0.0913084729          0.0608723153          0.1521807882
          0.0445484181          0.0912362821          0.0608241881          0.1520604702
          0.0458195209          0.0911620911          0.0607747274          0.1519368184
          0.0471268921          0.0910858460          0.0607238974          0.1518097434
          0.0484715667          0.0910074920          0.0606716614          0.1516791534
          0.0498546089          0.0909269727          0.0606179818          0.1515449545
          0.0512771135          0.0908442302          0.0605628201          0.1514070503
          0.0527402066          0.0907592053          0.0605061369          0.1512653422
          0.0542450462          0.0906718374          0.0604478916          0.1511197290
          0.0557928234          0.0905820644          0.0603880429          0.1509701074
          0.0573847635          0.0904898226          0.0603265484          0.1508163711
          0.0590221265          0.0903950469          0.0602633646          0.1506584115
          0.0607062085          0.0902976705          0.0601984470          0.1504961175
          0.0624383425          0.0901976250          0.0601317500          0.1503293751
          0.0642198996          0.0900948406          0.0600632271          0.1501580677
          0.0660522900          0.0899892456          0.0599928304          0.1499820761
          0.0679369641          0.0898807668          0.0599205112          0.1498012780
          0.0698754137          0.0897693292          0.0598462195          0.1496155486
          0.0718691732          0.0896548560          0.0597699040          0.1494247600
          0.0739198207          0.0895372689          0.0596915126          0.1492287815
          0.0760289796          0.0894164875          0.0596109917          0.1490274792
          0.0781983192          0.0892924298          0.0595282865          0.1488207163
          0.0804295566          0.0891650119          0.0594433413          0.1486083532
          0.0827244582          0.0890341481          0.0593560987          0.1483902468
          0.0850848402          0.0888997507          0.0592665005          0.1481662512
          0.0875125713          0.0887617302          0.0591744868          0.1479362169
          0.0900095729          0.0886199950          0.0590799967          0.1476999917
          0.0925778216          0.0884744518          0.0589829679          0.1474574197
          0.0952193503          0.0883250052          0.0588833368          0.1472083419
          0.0979362499          0.0881715577          0.0587810385          0.1469525962
          0.1007306710          0.0880140100          0.0586760067          0.1466900167
          0.1036048255          0.0878522607          0.0585681738          0.1464204345
          0.1065609884          0.0876862062          0.0584574708          0.1461436770
          0.1096014997          0.0875157412          0.0583438274          0.1458595686
          0.1127287661          0.0873407579          0.0582271719          0.1455679298
          0.1159452629          0.0871611468          0.0581074312          0.1452685780
          0.1192535363          0.0869767962          0.0579845308          0.1449613270
          0.1226562048          0.0867875922          0.0578583948          0.1446459871
          0.1261559619          0.0865934191          0.0577289460          0.1443223651
          0.1297555778          0.0863941587          0.0575961058          0.1439902645
          0.1334579017          0.0861896912          0.0574597941          0.1436494853
          0.1372658643          0.0859798944          0.0573199296          0.1432998240
          0.1411824797          0.0857646442          0.0571764294          0.1429410736
          0.1452108481          0.0855438143          0.0570292096          0.1425730239
          0.1493541583          0.0853172767          0.0568781845          0.1421954612
          0.1536156897          0.0850849011          0.0567232674          0.1418081685
          0.1579988157          0.0848465553          0.0565643702          0.1414109256
          0.1625070057          0.0846021054          0.0564014036          0.1410035089
          0.1671438281          0.0843514151          0.0562342768          0.1405856919
          0.1719129533          0.0840943469          0.0560628979          0.1401572448
          0.1768181563          0.0838307610          0.0558871740          0.1397179349
          0.1818633197          0.0835605160          0.0557070106          0.1392675266
          0.1870524371          0.0832834688          0.0555223126          0.1388057814
          0.1923896158          0.0829994749          0.0553329833          0.1383324582
          0.1978790806          0.0827083880          0.0551389254          0.1378473134
          0.2035251767          0.0824100605          0.0549400403          0.1373501008
          0.2093323732          0.0821043433          0.0547362288          0.1368405721
          0.2153052667          0.0817910861          0.0545273907          0.1363184768
          0.2214485853          0.0814701374          0.0543134250          0.1357835624
          0.2277671915          0.0811413450          0.0540942300          0.1352355749
          0.2342660868          0.0808045552          0.0538697035          0.1346742587
          0.2409504156          0.0804596141          0.0536397427          0.1340993568
          0.2478254687          0.0801063668          0.0534042445          0.1335106113
          0.2548966882          0.0797446580          0.0531631054          0.1329077634
          0.2621696712          0.0793743324          0.0529162216          0.1322905540
          0.2696501746          0.0789952342          0.0526634895          0.1316587237
          0.2773441198          0.0786072079          0.0524048053          0.1310120132
          0.2852575967          0.0782100983          0.0521400656          0.1303501639
          0.2933968694          0.0778037507          0.0518691671          0.1296729178
          0.3017683804          0.0773880110          0.0515920074          0.1289800184
          0.3103787563          0.0769627264          0.0513084843          0.1282712107
          0.3192348126          0.0765277451          0.0510184967          0.1275462418
          0.3283435593          0.0760829169          0.0507219446          0.1268048616
          0.3377122064          0.0756280937          0.0504187291          0.1260468228
          0.3473481697          0.0751631292          0.0501087528          0.1252718820
          0.3572590765          0.0746878798          0.0497919199          0.1244797996
          0.3674527719          0.0742022046          0.0494681364          0.1236703411
          0.3779373246          0.0737059662          0.0491373108          0.1228432770
          0.3887210336          0.0731990304          0.0487993536          0.1219983839
          0.3998124350          0.0726812671          0.0484541781          0.1211354452
          0.4112203079          0.0721525508          0.0481017005          0.1202542514
          0.4229536825          0.0716127606          0.0477418404          0.1193546010
          0.4350218461          0.0710617811          0.0473745207          0.1184363018
          0.4474343513          0.0704995024          0.0469996682          0.1174991706
          0.4602010234          0.0699258211          0.0466172140          0.1165430351
          0.4733319677          0.0693406405          0.0462270936          0.1155677341
          0.4868375780          0.0687438712          0.0458292474          0.1145731186
          0.5007285448          0.0681354317          0.0454236211          0.1135590528
          0.5150158634          0.0675152490          0.0450101660          0.1125254150
          0.5297108429          0.0668832590          0.0445888393          0.1114720983
          0.5448251152          0.0662394073          0.0441596049          0.1103990122
          0.5603706440          0.0655836498          0.0437224332          0.1093060830
          0.5763597342          0.0649159532          0.0432773022          0.1081932554
          0.5928050422          0.0642362960          0.0428241973          0.1070604933
          0.6097195852          0.0635446686          0.0423631124          0.1059077810
          0.6271167519          0.0628410747          0.0418940498          0.1047351244
          0.6450103130          0.0621255312          0.0414170208          0.1035425521
          0.6634144322          0.0613980699          0.0409320466          0.1023301165
          0.6823436773          0.0606587371          0.0404391581          0.1010978951
          0.7018130317          0.0599075952          0.0399383968          0.0998459921
          0.7218379064          0.0591447232          0.0394298155          0.0985745387
          0.7424341521          0.0583702171          0.0389134781          0.0972836952
          0.7636180717          0.0575841911          0.0383894607          0.0959736518
          0.7854064335          0.0567867781          0.0378578521          0.0946446302
          0.8078164839          0.0559781304          0.0373187536          0.0932968840
          0.8308659616          0.0551584207          0.0367722804          0.0919307011
          0.8545731116          0.0543278423          0.0362185615          0.0905464038
          0.8789566991          0.0534866103          0.0356577402          0.0891443506
          0.9040360250          0.0526349622          0.0350899748          0.0877249370
          0.9298309409          0.0517731582          0.0345154388          0.0862885970
          0.9563618647          0.0509014822          0.0339343215          0.0848358036
          0.9836497970          0.0500202421          0.0333468281          0.0833670702
          1.0117163376          0.0491297707          0.0327531805          0.0818829512
          1.0405837025          0.0482304260          0.0321536173          0.0803840433
          1.0702747418          0.0473225914          0.0315483943          0.0788709857
          1.1008129572          0.0464066767          0.0309377845          0.0773444612
          1.1322225215          0.0454831179          0.0303220786          0.0758051965
          1.1645282968          0.0445523778          0.0297015852          0.0742539630
          1.1977558549          0.0436149460          0.0290766306          0.0726915766
          1.2319314968          0.0426713390          0.0284475594          0.0711188984
          1.2670822745          0.0417221007          0.0278147338          0.0695368344
          1.3032360115          0.0407678014          0.0271785343          0.0679463357
          1.3404213254          0.0398090386          0.0265393591          0.0663483977
          1.3786676501          0.0388464362          0.0258976241          0.0647440603
          1.4180052595          0.0378806440          0.0252537627          0.0631344067
          1.4584652914          0.0369123377          0.0246082251          0.0615205628
          1.5000797719          0.0359422176          0.0239614784          0.0599036960
          1.5428816409          0.0349710084          0.0233140056          0.0582850139
          1.5869047783          0.0339994578          0.0226663052          0.0566657630
          1.6321840306          0.0330283359          0.0220188906          0.0550472265
          1.6787552386          0.0320584335          0.0213722890          0.0534307224
          1.7266552658          0.0310905609          0.0207270406          0.0518176015
          1.7759220275          0.0301255467          0.0200836978          0.0502092444
          1.8265945207          0.0291642354          0.0194428236          0.0486070590
          1.8787128552          0.0282074861          0.0188049908          0.0470124769
          1.9323182855          0.0272561704          0.0181707803          0.0454269507
          1.9874532428          0.0263111699          0.0175407799          0.0438519499
          2.0441613693          0.0253733741          0.0169155827          0.0422889568
          2.1024875522          0.0244436777          0.0162957851          0.0407394629
          2.1624779597          0.0235229783          0.0156819855          0.0392049638
          2.2241800773          0.0226121729          0.0150747820          0.0376869549
          2.2876427452          0.0217121558          0.0144747705          0.0361869263
          2.3529161973          0.0208238147          0.0138825431          0.0347063578
          2.4200521009          0.0199480280          0.0132986853          0.0332467133
          2.4891035973          0.0190856613          0.0127237742          0.0318094354
          2.5601253444          0.0182375639          0.0121583759          0.0303959398
          2.6331735594          0.0174045655          0.0116030437          0.0290076092
          2.7083060637          0.0165874727          0.0110583151          0.0276457879
          2.7855823283          0.0157870652          0.0105247101          0.0263117753
          2.8650635214          0.0150040923          0.0100027282          0.0250068205
          2.9468125563          0.0142392694          0.0094928463          0.0237321157
          3.0308941414          0.0134932746          0.0089955164          0.0224887910
          3.1173748317          0.0127667450          0.0085111633          0.0212779083
          3.2063230808          0.0120602734          0.0080401823          0.0201004557
          3.2978092958          0.0113744054          0.0075829369          0.0189573423
          3.3919058927          0.0107096357          0.0071397571          0.0178493928
          3.4886873536          0.0100664059          0.0067109373          0.0167773431
          3.5882302859          0.0094451016          0.0062967344          0.0157418359
          3.6906134829          0.0088460498          0.0058973665          0.0147434163
          3.7959179859          0.0082695172          0.0055130115          0.0137825286
          3.9042271489          0.0077157081          0.0051438054          0.0128595135
          4.0156267039          0.0071847631          0.0047898421          0.0119746051
          4.1302048294          0.0066767580          0.0044511720          0.0111279301
          4.2480522196          0.0061917033          0.0041278022          0.0103195055
          4.3692621566          0.0057295435          0.0038196957          0.0095492391
          4.4939305843          0.0052901577          0.0035267718          0.0088169295
          4.6221561840          0.0048733602          0.0032489068          0.0081222670
          4.7540404526          0.0044789012          0.0029859341          0.0074648353
          4.8896877833          0.0041064687          0.0027376458          0.0068441144
          5.0292055476          0.0037556902          0.0025037935          0.0062594837
          5.1727041810          0.0034261355          0.0022840904          0.0057102259
          5.3202972697          0.0031173191          0.0020782128          0.0051955319
          5.4721016412          0.0028287038          0.0018858025          0.0047145063
          5.6282374562          0.0025597041          0.0017064694          0.0042661735
          5.7888283041          0.0023096905          0.0015397936          0.0038494841
          5.9540013006          0.0020779936          0.0013853291          0.0034633226
          6.1238871884          0.0018639089          0.0012426059          0.0031065148
          6.2986204408          0.0016667016          0.0011111344          0.0027778359
          6.4783393679          0.0014856115          0.0009904076          0.0024760191
          6.6631862263          0.0013198584          0.0008799056          0.0021997640
          6.8533073316          0.0011686473          0.0007790982          0.0019477455
          7.0488531741          0.0010311736          0.0006874491          0.0017186227
          7.2499785382          0.0009066284          0.0006044189          0.0015110473
          7.4568426249          0.0007942034          0.0005294690          0.0013236724
          7.6696091773          0.0006930964          0.0004620642          0.0011551606
          7.8884466109          0.0006025153          0.0004016769          0.0010041922
          8.1135281466          0.0005216834          0.0003477889          0.0008694723
          8.3450319477          0.0004498429          0.0002998953          0.0007497382
          8.5831412610          0.0003862591          0.0002575061          0.0006437652
          8.8280445622          0.0003302237          0.0002201492          0.0005503729
          9.0799357044          0.0002810577          0.0001873718          0.0004684295
          9.3390140722          0.0002381141          0.0001587427          0.0003968568
          9.6054847390          0.0002007798          0.0001338532          0.0003346330
          9.8795586300          0.0001684774          0.0001123182          0.0002807956
         10.1614526882          0.0001406661          0.0000937774          0.0002344435
         10.4513900470          0.0001168428          0.0000778952          0.0001947380
         10.7496002065          0.0000965417          0.0000643611          0.0001609028
         11.0563192149          0.0000793346          0.0000528897          0.0001322244
         11.3717898558          0.0000648303          0.0000432202          0.0001080505
         11.6962618400          0.0000526734          0.0000351156          0.0000877891
         12.0299920034          0.0000425434          0.0000283622          0.0000709056
         12.3732445103          0.0000341527          0.0000227685          0.0000569212
         12.7262910621          0.0000272456          0.0000181637          0.0000454094
         13.0894111132          0.0000215957          0.0000143972          0.0000359929
         13.4628920911          0.0000170043          0.0000113362          0.0000283405
         13.8470296249          0.0000132981          0.0000088654          0.0000221635
         14.2421277787          0.0000103270          0.0000068846          0.0000172116
         14.6484992926          0.0000079620          0.0000053080          0.0000132700
         15.0664658301          0.0000060932          0.0000040622          0.0000101554
         15.4963582327          0.0000046277          0.0000030851          0.0000077128
         15.9385167818          0.0000034871          0.0000023247          0.0000058118
         16.3932914682          0.0000026065          0.0000017377          0.0000043442
         16.8610422689          0.0000019322          0.0000012881          0.0000032203
         17.3421394322          0.0000014201          0.0000009468          0.0000023669
         17.8369637706          0.0000010346          0.0000006898          0.0000017244
         18.3459069625          0.0000007470          0.0000004980          0.0000012450
         18.8693718620          0.0000005344          0.0000003562          0.0000008906
         19.4077728179          0.0000003786          0.0000002524          0.0000006310
         19.9615360017          0.0000002656          0.0000001771          0.0000004427
         20.5310997446          0.0000001845          0.0000001230          0.0000003075
         21.1169148851          0.0000001268          0.0000000845          0.0000002113
         21.7194451253          0.0000000862          0.0000000575          0.0000001437
         22.3391673981          0.0000000580          0.0000000387          0.0000000967
         22.9765722450          0.0000000386          0.0000000257          0.0000000643
         23.6321642038          0.0000000254          0.0000000169          0.0000000423
         24.3064622085          0.0000000165          0.0000000110          0.0000000274
         25.0000000000          0.0000000106          0.0000000070          0.0000000176
